1341839328.961597 -0.0000000 -0.0000000 -0.0000000 0.0000000 0.0000000 0.0000000 1.0000000
1341839329.462095 -0.0002847 0.0134706 -0.0036806 -0.0021739 0.0072674 0.0060357 0.9999530
1341839330.133799 -0.0769283 0.0265881 -0.0144929 0.0076783 0.0173929 0.0018508 0.9998176
1341839330.805848 -0.1924258 0.0124458 0.0316592 0.0078916 -0.0017513 -0.0006129 0.9999671
1341839331.473794 -0.2722603 -0.0009498 0.0931042 0.0173825 -0.0176311 -0.0232065 0.9994240
1341839332.152604 -0.3495063 -0.0096219 0.0899888 0.0273639 -0.0531466 -0.0173699 0.9980606
1341839332.820842 -0.4770781 0.0058630 0.0701534 0.0319299 -0.0621139 -0.0125637 0.9974791
1341839333.488704 -0.5696582 0.0144587 0.0215695 0.0461976 -0.0825038 -0.0027860 0.9955155
1341839333.960800 -0.6894142 0.0433759 -0.0321682 0.0632981 -0.0752862 0.0105359 0.9950951
1341839334.092709 -0.7122397 0.0609849 -0.0429521 0.0637650 -0.0742001 0.0129317 0.9951187
1341839334.458010 -0.7688014 0.0513591 -0.0449898 0.0567685 -0.0610799 0.0208973 0.9962981
1341839335.125723 -0.9042345 0.0504882 -0.0636208 0.0581090 -0.0084353 0.0591722 0.9965194
1341839335.661725 -0.9777829 0.0183398 -0.0509368 0.0474013 0.0289434 0.0963722 0.9937946
1341839336.165684 -1.0581176 0.0266979 -0.0460392 0.0534075 0.0662770 0.1343255 0.9872749
1341839336.533643 -1.1335099 0.0184650 -0.0465650 0.0596879 0.0871051 0.1699810 0.9797737
1341839336.569834 -1.1417520 0.0074272 -0.0374203 0.0525250 0.0938708 0.1783218 0.9780750
1341839337.237736 -1.3319669 0.0346937 -0.0910116 0.0489220 0.1277581 0.2066584 0.9688017
1341839337.405771 -1.3387784 0.0455012 -0.1174487 0.0465540 0.1358611 0.2149423 0.9660095
1341839338.077694 -1.4290150 -0.0372333 -0.0818139 0.0444146 0.1800894 0.2425258 0.9522481
1341839338.109774 -1.4410150 -0.0376774 -0.0745400 0.0477359 0.1904570 0.2464640 0.9490537
1341839338.177697 -1.4426324 -0.0359734 -0.0961709 0.0417322 0.1942700 0.2563339 0.9459442
1341839338.209836 -1.4475541 -0.0347588 -0.0698877 0.0396347 0.2076475 0.2592208 0.9423991
1341839338.513581 -1.4730138 -0.0503144 -0.0557212 0.0333710 0.2473363 0.2920662 0.9232597
1341839339.081735 -1.5269244 -0.0973474 0.0559127 0.0270477 0.3122488 0.3386505 0.8871781
1341839339.149680 -1.5231752 -0.1056196 0.0483755 0.0211171 0.3154198 0.3590784 0.8781384
1341839339.817649 -1.5626677 -0.1569591 0.1477868 0.0262540 0.3327422 0.3689827 0.8674360
1341839340.189753 -1.5621841 -0.1908811 0.2343712 0.0415351 0.3394214 0.3783482 0.8601864
1341839340.221730 -1.5631802 -0.1829125 0.2102271 0.0476602 0.3286595 0.3770875 0.8645903
1341839340.457698 -1.5629966 -0.2255531 0.2640831 0.0519361 0.3329254 0.3563692 0.8714725
1341839340.489727 -1.5810747 -0.2019115 0.2664566 0.0663651 0.3340359 0.3586663 0.8691227
1341839340.557783 -1.5710399 -0.2261549 0.2751763 0.0685629 0.3289434 0.3428569 0.8772368
1341839340.689692 -1.5876980 -0.2223576 0.2772926 0.0833979 0.3283324 0.3433046 0.8760049
1341839340.857588 -1.6035026 -0.2307934 0.3099352 0.1038705 0.3186619 0.3418069 0.8779713
1341839340.893730 -1.6017227 -0.2394801 0.3048201 0.1053035 0.3185920 0.3345332 0.8806236
1341839341.293674 -1.6281074 -0.2536500 0.3597337 0.1321670 0.3118998 0.3305941 0.8808848
1341839341.325653 -1.6211090 -0.2664035 0.3832431 0.1362154 0.3122282 0.3265166 0.8816721
1341839341.797656 -1.6148899 -0.2974586 0.4271898 0.1846139 0.2888169 0.3061150 0.8881419
1341839341.929651 -1.6045915 -0.3159672 0.4576339 0.1914452 0.2779514 0.2932814 0.8944707
1341839342.097737 -1.5947595 -0.3300366 0.4969130 0.1922492 0.2515468 0.2819882 0.9056750
1341839342.366742 -1.5772499 -0.3525837 0.5642595 0.2086933 0.2354325 0.2616595 0.9124434
1341839342.401681 -1.5708905 -0.3569866 0.5633160 0.2145038 0.2304109 0.2612119 0.9125060
1341839342.433833 -1.5713098 -0.3648195 0.5608311 0.2130890 0.2247869 0.2629130 0.9137509
1341839342.837574 -1.5436845 -0.3939137 0.6199446 0.2205959 0.1851681 0.2273981 0.9302367
1341839342.869635 -1.5492214 -0.3968366 0.6235466 0.2224353 0.1836461 0.2233386 0.9310835
1341839342.901615 -1.5502425 -0.4039910 0.6234177 0.2208747 0.1821043 0.2197603 0.9326081
1341839342.937722 -1.5529953 -0.4046570 0.6277127 0.2207261 0.1803510 0.2178922 0.9334219
1341839343.001730 -1.5451158 -0.4067535 0.6365520 0.2181999 0.1730319 0.2151427 0.9360355
1341839343.037568 -1.5490519 -0.4081554 0.6419150 0.2195277 0.1709223 0.2122839 0.9367650
1341839343.305779 -1.5442026 -0.4237647 0.6691746 0.2160850 0.1378130 0.1952102 0.9466825
1341839343.537619 -1.5620942 -0.4635940 0.6732968 0.2041856 0.1102941 0.1908706 0.9537882
1341839343.741614 -1.5716683 -0.4619620 0.6891831 0.2041138 0.0876370 0.1776684 0.9586924
1341839343.805691 -1.5705795 -0.4754159 0.6887748 0.1967780 0.0808386 0.1824143 0.9599316
1341839344.077608 -1.5680704 -0.4965004 0.7058424 0.2054893 0.0497999 0.1671995 0.9629841
1341839344.209677 -1.5730757 -0.4951328 0.7137451 0.2094762 0.0380758 0.1603266 0.9638285
1341839344.277638 -1.5725112 -0.5083414 0.7098654 0.2071755 0.0310419 0.1646194 0.9638543
1341839344.545735 -1.5725739 -0.5123944 0.7255867 0.2121914 0.0089149 0.1474063 0.9660056
1341839344.813709 -1.5825776 -0.5167140 0.7367488 0.2120345 -0.0130473 0.1408737 0.9669673
1341839344.981832 -1.5898865 -0.5205296 0.7455071 0.2125622 -0.0222957 0.1346388 0.9675705
1341839345.349602 -1.5900975 -0.5210534 0.7436559 0.2183619 -0.0565492 0.1216196 0.9666069
1341839345.585698 -1.5988867 -0.5248206 0.7477553 0.2233451 -0.0736140 0.1096472 0.9657512
1341839345.857443 -1.6035305 -0.5243937 0.7476707 0.2241877 -0.0936640 0.1010966 0.9647520
1341839345.956605 -1.6067445 -0.5205894 0.7413065 0.2274650 -0.1039578 0.0950029 0.9635491
1341839346.228607 -1.6167892 -0.5225597 0.7416405 0.2285803 -0.1322522 0.0855116 0.9607019
1341839346.289914 -1.6177775 -0.5184415 0.7384770 0.2328348 -0.1408229 0.0814819 0.9588105
1341839346.329287 -1.6273415 -0.5228998 0.7429026 0.2348083 -0.1432351 0.0783847 0.9582300
1341839346.396649 -1.6218861 -0.5189276 0.7350299 0.2402133 -0.1542357 0.0762276 0.9553524
1341839346.428652 -1.6325359 -0.5180264 0.7403989 0.2446900 -0.1587161 0.0744941 0.9536176
1341839346.596825 -1.6361905 -0.5172265 0.7264646 0.2511477 -0.1796068 0.0679660 0.9487080
1341839346.664637 -1.6494761 -0.5203209 0.7300138 0.2555812 -0.1870460 0.0588358 0.9466944
1341839346.696886 -1.6478930 -0.5190560 0.7217140 0.2566924 -0.1923056 0.0556609 0.9455313
1341839346.728718 -1.6510351 -0.5191247 0.7176719 0.2541941 -0.1988781 0.0519369 0.9450584
1341839346.764595 -1.6555693 -0.5207921 0.7209888 0.2546884 -0.2016003 0.0483955 0.9445364
1341839346.796696 -1.6594958 -0.5203017 0.7172028 0.2555257 -0.2037397 0.0476610 0.9438883
1341839346.832738 -1.6609083 -0.5140537 0.7118219 0.2539257 -0.2085521 0.0441795 0.9434384
1341839346.896717 -1.6688809 -0.5168723 0.7124232 0.2519226 -0.2125212 0.0396081 0.9432926
1341839347.232838 -1.6994278 -0.5234354 0.6980118 0.2411347 -0.2428714 0.0175896 0.9394456
1341839347.332783 -1.7089162 -0.5225029 0.6881644 0.2437253 -0.2503890 0.0111983 0.9368981
1341839347.929775 -1.7822838 -0.5080112 0.6506342 0.2483981 -0.2869388 -0.0035506 0.9251767
1341839348.602658 -1.8358104 -0.5059332 0.6222755 0.2385803 -0.3148962 -0.0128913 0.9185606
1341839348.901723 -1.8633943 -0.4870865 0.6029537 0.2378106 -0.3233458 -0.0085241 0.9158717
1341839348.969728 -1.8632011 -0.5125373 0.6045761 0.2337055 -0.3264256 -0.0069723 0.9158490
1341839349.637702 -1.8863353 -0.4909713 0.5801623 0.2302568 -0.3158921 0.0066424 0.9204075
1341839350.309712 -1.9150076 -0.4592990 0.5535296 0.2206587 -0.2902261 0.0099351 0.9311175
1341839350.745657 -1.9377224 -0.4468474 0.5132729 0.2057328 -0.2314094 0.0460601 0.9497380
1341839351.349751 -2.0456624 -0.4201395 0.4327241 0.2011556 -0.1807950 0.0815313 0.9592717
1341839351.685817 -2.1059635 -0.4112373 0.4429365 0.1949877 -0.1652823 0.0897857 0.9626007
1341839352.353789 -2.2145834 -0.4564087 0.4236445 0.1697026 -0.1174231 0.1296867 0.9698424
1341839352.453683 -2.2277853 -0.4694782 0.4183206 0.1687181 -0.1116313 0.1360528 0.9698259
1341839353.125813 -2.3048666 -0.5042578 0.4146713 0.1585359 -0.0745677 0.1553745 0.9721959
1341839353.432721 -2.3347313 -0.5113268 0.4187873 0.1482398 -0.0508100 0.1729973 0.9723761
1341839353.500713 -2.3533828 -0.5161000 0.4060581 0.1483013 -0.0428725 0.1811301 0.9712675
1341839353.532682 -2.3516881 -0.5179346 0.4137881 0.1517742 -0.0405598 0.1798822 0.9710622
1341839354.136797 -2.5042388 -0.5446982 0.3401638 0.1452998 0.0101150 0.2071093 0.9674148
1341839354.533748 -2.5803545 -0.5655779 0.3235069 0.1461464 0.0383773 0.2290096 0.9616252
1341839355.137531 -2.6619768 -0.5971254 0.3585671 0.1367154 0.0676557 0.2492566 0.9563487
1341839355.237695 -2.6762712 -0.6098331 0.3761572 0.1334985 0.0794286 0.2618891 0.9525142
1341839355.569700 -2.7139149 -0.6397496 0.3813242 0.1149521 0.1173256 0.2825697 0.9450794
1341839356.007157 -2.7694964 -0.6783159 0.3887311 0.1051949 0.1447072 0.2954681 0.9384521
1341839356.541706 -2.8243062 -0.7424636 0.3999268 0.0906527 0.1697662 0.3191615 0.9279534
1341839356.645735 -2.8337412 -0.7469391 0.4042817 0.0865483 0.1772243 0.3224256 0.9258200
1341839357.046107 -2.9019306 -0.8000127 0.4180566 0.0868115 0.2219855 0.3439091 0.9082471
1341839357.181674 -2.9431593 -0.8099108 0.4146900 0.0852274 0.2357700 0.3546902 0.9007462
1341839357.617637 -3.0354307 -0.8775131 0.4350247 0.0783474 0.2652392 0.3633501 0.8896554
1341839357.681786 -3.0440409 -0.8899570 0.4395314 0.0724259 0.2622199 0.3679308 0.8891693
1341839358.353833 -3.1285160 -0.9629384 0.5140206 0.0649842 0.2810927 0.3606418 0.8869619
1341839359.021755 -3.2105267 -1.0832448 0.5934616 0.0571271 0.2908530 0.3766441 0.8776561
1341839359.694301 -3.2791061 -1.1867105 0.6671472 0.0516233 0.2920465 0.3740308 0.8787177
1341839360.201017 -3.3515089 -1.2672286 0.7230843 0.0548631 0.2983466 0.3860300 0.8711832
1341839360.533749 -3.4014997 -1.3417538 0.7716585 0.0525271 0.3038644 0.3801626 0.8719999
1341839360.865719 -3.4540148 -1.4193169 0.8047594 0.0627228 0.3051247 0.3857650 0.8684182
1341839361.134063 -3.4677467 -1.4986694 0.8170216 0.0576296 0.3028029 0.3886687 0.8682891
1341839361.201803 -3.4934833 -1.5032755 0.8470304 0.0617198 0.3104418 0.3848608 0.8670056
1341839361.873794 -3.5248783 -1.6090525 0.9115328 0.0542605 0.3064134 0.3881160 0.8674864
1341839362.542222 -3.5909023 -1.6799340 0.9565479 0.0709013 0.2943659 0.3758710 0.8758097
1341839362.649367 -3.6120551 -1.6883638 0.9692080 0.0742906 0.2942598 0.3780959 0.8746060
1341839363.320693 -3.6366634 -1.7587863 1.0170605 0.0610430 0.2963323 0.3810475 0.8736497
1341839363.985613 -3.6531210 -1.7785106 1.0493355 0.0547641 0.2967529 0.3811379 0.8738835
