1341839329.093651 -0.0000000 -0.0000000 -0.0000000 0.0000000 0.0000000 0.0000000 1.0000000
1341839329.597604 -0.0218624 0.0130214 -0.0059550 -0.0022199 0.0140624 0.0001622 0.9998986
1341839330.265739 -0.2448164 0.0219051 -0.0337712 0.0097797 0.0475256 0.0068291 0.9987988
1341839330.937600 -0.4601638 0.0050835 0.0336705 0.0110874 0.0524877 -0.0059687 0.9985422
1341839331.609760 -0.6057575 -0.0360915 0.0891330 0.0114882 0.0558942 -0.0163293 0.9982371
1341839332.284701 -0.7751237 -0.0417611 0.1086312 0.0165014 0.0435180 -0.0200864 0.9987144
1341839332.952682 -0.9584360 -0.0605554 0.1382859 0.0200045 0.0493565 -0.0079315 0.9985493
1341839333.624629 -1.1819372 -0.0893317 0.1405597 0.0288916 0.0619301 0.0059453 0.9976445
1341839334.328751 -1.3617178 -0.0799703 0.1503532 0.0304732 0.0805521 0.0173628 0.9961332
1341839334.993773 -1.5047271 -0.1130792 0.1972711 0.0241339 0.1413794 0.0488715 0.9884539
1341839335.661725 -1.6395248 -0.1488552 0.2603706 0.0225836 0.1992556 0.0898057 0.9755625
1341839336.333617 -1.7501733 -0.1948694 0.3444387 0.0328516 0.2482711 0.1317442 0.9591275
1341839337.005670 -1.9542177 -0.2109105 0.4057671 0.0255770 0.2991368 0.1705467 0.9384971
1341839337.675262 -2.1049881 -0.2331550 0.4510184 0.0243310 0.3500320 0.2065383 0.9133606
1341839338.277654 -2.1595542 -0.2626329 0.5207292 0.0319316 0.4115434 0.2393527 0.8788189
1341839338.645675 -2.1820545 -0.3001102 0.6098490 0.0246034 0.4704871 0.2755523 0.8379186
1341839339.149680 -2.2053463 -0.3755761 0.7095062 0.0242230 0.5177739 0.3175958 0.7940128
1341839339.817649 -2.2067876 -0.4500104 0.8622923 0.0238275 0.5427281 0.3251947 0.7740328
1341839340.489727 -2.1920490 -0.5125209 1.0218656 0.0538774 0.5548701 0.3060266 0.7717280
1341839340.993772 -2.2096863 -0.5403407 1.1396677 0.0918490 0.5508324 0.2659049 0.7857748
1341839341.193897 -2.2245178 -0.5379701 1.1821588 0.1043476 0.5536907 0.2640748 0.7828171
1341839341.325653 -2.2021542 -0.5778986 1.2189991 0.1093176 0.5516818 0.2588328 0.7853041
1341839341.361673 -2.2013865 -0.5777419 1.2247124 0.1188627 0.5529137 0.2538916 0.7846638
1341839341.429785 -2.2049694 -0.5850604 1.2364974 0.1274497 0.5512507 0.2526893 0.7848741
1341839341.461594 -2.2008467 -0.5874898 1.2427466 0.1326125 0.5504875 0.2510062 0.7850945
1341839342.065765 -2.1363049 -0.6457928 1.3579307 0.1465214 0.5170606 0.2093314 0.8169212
1341839342.265857 -2.1001482 -0.6556525 1.4050243 0.1420602 0.5029678 0.2017418 0.8283372
1341839342.366742 -2.0790257 -0.6681671 1.4217293 0.1512501 0.4943521 0.1924379 0.8340905
1341839342.937722 -2.0276773 -0.7038973 1.4820958 0.1497832 0.4442441 0.1525187 0.8700289
1341839343.001730 -2.0238578 -0.7058772 1.4913155 0.1461486 0.4405278 0.1511346 0.8727738
1341839343.305779 -2.0021510 -0.7113791 1.5190856 0.1383222 0.4053416 0.1357964 0.8933781
1341839343.537619 -2.0296400 -0.7316208 1.5489395 0.1286515 0.3845081 0.1311972 0.9046489
1341839343.774055 -2.0337830 -0.7355747 1.5717844 0.1227322 0.3624723 0.1249363 0.9153915
1341839343.873716 -2.0150440 -0.7345501 1.5703179 0.1217762 0.3469774 0.1239269 0.9216395
1341839344.177686 -2.0247750 -0.7480557 1.5898817 0.1271102 0.3170390 0.1113318 0.9332387
1341839344.746130 -2.0286944 -0.7550441 1.6281378 0.1262414 0.2740445 0.0915351 0.9489911
1341839345.014247 -2.0275602 -0.7509511 1.6417649 0.1263896 0.2542574 0.0863607 0.9549454
1341839345.249611 -2.0346003 -0.7604076 1.6517644 0.1253670 0.2364195 0.0786489 0.9603142
1341839345.688614 -2.0518608 -0.7695108 1.6643901 0.1267585 0.2061528 0.0673055 0.9679376
1341839345.956605 -2.0688453 -0.7597246 1.6731530 0.1298941 0.1839714 0.0543794 0.9727923
1341839346.060648 -2.0677490 -0.7628126 1.6697984 0.1278099 0.1713634 0.0524504 0.9754733
1341839346.093032 -2.0737388 -0.7747802 1.6741168 0.1220156 0.1694800 0.0517377 0.9765818
1341839346.396649 -2.0976000 -0.7605047 1.6846725 0.1375217 0.1362028 0.0367836 0.9803997
1341839346.428652 -2.1102476 -0.7617474 1.7002202 0.1404253 0.1328130 0.0341914 0.9805470
1341839346.564637 -2.1327372 -0.7912822 1.6994317 0.1343466 0.1233303 0.0293532 0.9827914
1341839346.596825 -2.1300015 -0.7756340 1.6909413 0.1415514 0.1145504 0.0280128 0.9828818
1341839346.728718 -2.1521609 -0.7806104 1.6896262 0.1400125 0.0925501 0.0133796 0.9857241
1341839346.764595 -2.1589427 -0.7972877 1.6995331 0.1341610 0.0916905 0.0098996 0.9866589
1341839346.796696 -2.1623468 -0.7890952 1.6952043 0.1376348 0.0880361 0.0085074 0.9865262
1341839346.832738 -2.1708760 -0.7827439 1.6916778 0.1349164 0.0835672 0.0055623 0.9873111
1341839346.932707 -2.1844947 -0.7818413 1.6914070 0.1274523 0.0746546 0.0015849 0.9890298
1341839347.032667 -2.1950445 -0.7855096 1.6924083 0.1183098 0.0679139 0.0004560 0.9906514
1341839347.064794 -2.1960683 -0.7865985 1.6992879 0.1179066 0.0660035 -0.0010665 0.9908282
1341839347.500724 -2.2659867 -0.7810435 1.6989899 0.1199008 0.0228200 -0.0155538 0.9924017
1341839347.600778 -2.2848885 -0.7852119 1.6984828 0.1188319 0.0178854 -0.0166764 0.9926132
1341839347.961833 -2.3360734 -0.7876922 1.7083861 0.1131183 -0.0060700 -0.0271022 0.9931933
1341839348.030155 -2.3461914 -0.7934433 1.7081623 0.1155242 -0.0088705 -0.0249013 0.9929529
1341839348.129675 -2.3604558 -0.7941878 1.7111639 0.1146515 -0.0148375 -0.0270973 0.9929253
1341839348.801702 -2.4366353 -0.7793925 1.7060212 0.1075035 -0.0398639 -0.0272883 0.9930303
1341839349.473716 -2.4977379 -0.7845960 1.6973573 0.1075309 -0.0393827 -0.0066391 0.9933993
1341839350.141699 -2.5183451 -0.7687428 1.6932260 0.0957378 -0.0184155 -0.0068180 0.9952129
1341839350.677685 -2.5920854 -0.7422895 1.6533058 0.0940572 0.0554242 0.0178546 0.9938625
1341839351.281788 -2.7381921 -0.7337914 1.6342732 0.0931010 0.1140862 0.0540607 0.9876204
1341839351.953535 -2.8556380 -0.7308956 1.7216146 0.0821678 0.1593019 0.0931127 0.9793883
1341839352.621622 -2.9595025 -0.7866792 1.7872539 0.0758520 0.1995469 0.1108967 0.9706335
1341839353.296780 -3.0464637 -0.8137720 1.8301311 0.0685424 0.2383948 0.1289467 0.9601263
1341839353.961728 -3.2211683 -0.8614491 1.8855336 0.0758048 0.3002838 0.1606445 0.9371641
1341839354.665643 -3.3921077 -0.9134716 1.9436048 0.0840772 0.3451102 0.1834370 0.9166138
1341839355.137531 -3.4307528 -0.9378822 2.0375817 0.0771435 0.3742991 0.2032804 0.9014578
1341839355.437629 -3.4591656 -0.9476652 2.0882859 0.0757341 0.4082215 0.2248302 0.8815162
1341839355.469756 -3.4623044 -0.9554929 2.0899258 0.0703935 0.4136462 0.2333817 0.8771970
1341839355.806602 -3.4818664 -0.9909297 2.1279244 0.0655940 0.4345962 0.2382912 0.8660490
1341839356.477584 -3.5402133 -1.0741103 2.2190547 0.0616038 0.4624006 0.2627933 0.8445889
1341839357.146224 -3.6243861 -1.1490799 2.3315606 0.0613089 0.5239769 0.2917950 0.7978378
1341839357.581581 -3.7039657 -1.2165407 2.4210339 0.0590784 0.5439639 0.3044349 0.7797002
1341839357.649685 -3.7349801 -1.2025390 2.4408615 0.0676550 0.5490813 0.3058536 0.7748459
1341839358.321840 -3.7418339 -1.2854098 2.5862272 0.0482163 0.5612918 0.3029852 0.7686526
1341839358.989751 -3.7703769 -1.3908178 2.7464674 0.0508671 0.5719966 0.3139083 0.7561045
1341839359.661897 -3.7831438 -1.4808505 2.8928685 0.0442163 0.5699739 0.3135009 0.7582163
1341839360.201017 -3.8152375 -1.5654117 3.0307603 0.0513722 0.5756142 0.3244697 0.7488316
1341839360.473022 -3.8278725 -1.6205788 3.1010261 0.0469752 0.5774308 0.3217178 0.7489090
1341839360.697767 -3.8400896 -1.6798034 3.1630509 0.0517167 0.5779472 0.3217571 0.7481810
1341839360.801691 -3.8449185 -1.7203364 3.1886377 0.0515836 0.5798154 0.3228048 0.7462910
1341839361.033764 -3.8655043 -1.7648222 3.2477586 0.0628446 0.5804771 0.3214814 0.7454841
1341839361.233892 -3.8701046 -1.7974808 3.3016238 0.0648469 0.5816367 0.3210065 0.7446130
1341839361.269677 -3.8729310 -1.8006146 3.3062348 0.0659247 0.5769723 0.3250298 0.7463997
1341839361.337636 -3.8686395 -1.8104334 3.3257198 0.0656431 0.5803086 0.3170557 0.7472674
1341839361.401585 -3.8666179 -1.8166504 3.3367090 0.0669170 0.5754448 0.3210744 0.7491973
1341839361.805940 -3.8569512 -1.8683332 3.4165394 0.0666918 0.5796911 0.3220178 0.7455301
1341839361.973665 -3.8496447 -1.8882582 3.4498179 0.0630094 0.5828382 0.3191792 0.7446167
1341839362.006251 -3.8556390 -1.8978478 3.4491618 0.0670946 0.5823122 0.3192628 0.7446355
1341839362.041782 -3.8594332 -1.9044724 3.4574597 0.0677145 0.5796180 0.3209547 0.7459530
1341839362.073669 -3.8420784 -1.9057896 3.4710114 0.0652185 0.5803354 0.3154237 0.7479741
1341839362.105771 -3.8524785 -1.9144244 3.4724090 0.0689046 0.5812317 0.3118473 0.7484472
1341839362.141801 -3.8611431 -1.9227939 3.4794281 0.0698072 0.5795299 0.3140052 0.7487809
1341839362.173951 -3.8566325 -1.9244605 3.4874413 0.0689550 0.5794344 0.3140875 0.7488992
1341839362.409857 -3.8691967 -1.9562945 3.5359187 0.0688982 0.5795017 0.3111664 0.7500708
1341839362.649367 -3.8794096 -1.9865341 3.5838265 0.0693071 0.5748126 0.3130293 0.7528610
1341839362.748669 -3.8827186 -1.9921968 3.6038926 0.0720481 0.5739779 0.3117852 0.7537562
1341839363.016641 -3.8885269 -2.0151410 3.6379137 0.0721886 0.5733950 0.3101460 0.7548619
1341839363.120807 -3.8886452 -2.0189674 3.6467669 0.0704747 0.5734205 0.3100107 0.7550600
1341839363.152777 -3.8812437 -2.0159783 3.6512122 0.0685920 0.5719882 0.3095575 0.7565044
1341839363.220783 -3.8925657 -2.0174384 3.6575558 0.0691683 0.5735702 0.3097090 0.7551909
1341839363.252646 -3.8776484 -2.0163085 3.6592281 0.0662432 0.5730299 0.3100734 0.7557136
1341839363.388705 -3.8742430 -2.0161500 3.6602876 0.0661916 0.5734484 0.3123716 0.7544531
1341839363.620692 -3.8937640 -2.0287333 3.6712041 0.0686720 0.5735336 0.3117191 0.7544366
1341839363.656709 -3.8813043 -2.0257306 3.6769016 0.0669483 0.5715645 0.3157045 0.7544287
1341839363.688830 -3.8693004 -2.0226090 3.6778915 0.0665391 0.5721987 0.3122985 0.7554011
1341839363.781800 -3.8766863 -2.0298824 3.6844330 0.0665363 0.5703737 0.3158057 0.7553235
1341839363.917738 -3.8899422 -2.0354464 3.6959357 0.0662855 0.5695876 0.3164729 0.7556594
1341839363.949778 -3.8846908 -2.0283661 3.6993268 0.0633442 0.5695262 0.3134403 0.7572203
1341839364.017747 -3.8969693 -2.0340281 3.6997490 0.0620751 0.5702630 0.3149111 0.7561599
1341839364.149652 -3.8839779 -2.0318079 3.7018142 0.0585926 0.5676682 0.3130079 0.7591744
1341839364.217809 -3.8867512 -2.0319238 3.7013292 0.0577022 0.5681787 0.3154476 0.7578498
1341839364.253809 -3.8890009 -2.0330796 3.7013807 0.0592561 0.5675916 0.3175429 0.7572945
1341839364.285702 -3.8849514 -2.0287478 3.7034700 0.0581611 0.5680404 0.3161139 0.7576407
