1341839329.161766 -0.0000000 -0.0000000 -0.0000000 0.0000000 0.0000000 0.0000000 1.0000000
1341839329.665800 -0.0258671 0.0978630 0.0090055 0.0162538 0.0190602 0.0033806 0.9996805
1341839330.333763 -0.2702540 0.1984967 0.0081015 0.0510056 0.0462970 0.0219838 0.9973825
1341839331.005663 -0.4466067 0.2181016 0.0928351 0.0621777 0.0452634 0.0104169 0.9969838
1341839331.673616 -0.5644438 0.1862625 0.1252161 0.0669366 0.0441104 -0.0018272 0.9967800
1341839332.352704 -0.7055223 0.1452765 0.1508345 0.0680804 0.0217104 -0.0095464 0.9973979
1341839333.020623 -0.8714685 0.1078597 0.1398362 0.0659045 0.0283594 0.0022944 0.9974202
1341839333.692659 -1.0576757 0.0865201 0.1500257 0.0767892 0.0334212 0.0087875 0.9964483
1341839334.389793 -1.2160331 0.0858564 0.1514497 0.0749950 0.0547016 0.0214277 0.9954518
1341839335.061854 -1.3491133 0.0509846 0.1703698 0.0703262 0.1076526 0.0614016 0.9897954
1341839335.729842 -1.4708223 0.0216260 0.2131716 0.0648750 0.1655042 0.1123931 0.9776336
1341839336.401651 -1.5720339 -0.0353345 0.2624442 0.0678882 0.2059503 0.1481885 0.9648916
1341839337.069784 -1.7712499 -0.0123785 0.2771796 0.0669993 0.2438469 0.1890158 0.9488534
1341839337.741912 -1.8743536 -0.0337029 0.3050717 0.0680616 0.2906670 0.2190571 0.9289210
1341839338.309709 -1.8097810 0.2955299 0.2889521 0.1329698 0.3031186 0.2412609 0.9122671
1341839338.681727 -1.9113816 -0.7940663 0.6751775 -0.0928553 0.4744153 0.3322896 0.8098714
1341839339.181651 -1.8886967 -0.8041405 0.7427855 -0.0867196 0.5144922 0.3686004 0.7693577
1341839339.853678 -2.0569644 -0.4873127 0.7672250 0.0144631 0.5174655 0.3614641 0.7754766
1341839340.521632 -1.9766084 -0.6262553 0.9012970 0.0198142 0.5172098 0.3406292 0.7849033
1341839341.193897 -2.0569835 -0.3890598 0.8936092 0.1282316 0.4816583 0.2894274 0.8171865
1341839341.829696 -1.9903325 -0.3080887 0.8162956 0.1889303 0.4121433 0.2294274 0.8612818
1341839341.929651 -1.9632884 -0.3904709 0.9651987 0.1964980 0.4307888 0.2373023 0.8482318
1341839341.997665 -1.9568725 -0.4153144 0.9780567 0.1875155 0.4272064 0.2294544 0.8542150
1341839342.501647 -1.9292190 -0.5429441 1.1542888 0.1983340 0.4063853 0.2162193 0.8653114
1341839343.069751 -1.8948673 -0.5698858 1.2244287 0.1915449 0.3615152 0.1688933 0.8967120
1341839343.373793 -1.7643815 -0.4897707 1.2367219 0.2056939 0.2872240 0.1350631 0.9257162
1341839343.405587 -1.7553253 -0.4851048 1.2457381 0.2064021 0.2819008 0.1314428 0.9277138
1341839344.009670 -1.7651234 -0.4872483 1.2987078 0.2050845 0.2187120 0.1028641 0.9484326
1341839344.677613 -1.7954601 -0.4860169 1.3564663 0.2146321 0.1670468 0.0743755 0.9594252
1341839345.349602 -1.8621348 -0.4892959 1.3958311 0.2174808 0.1289695 0.0576291 0.9657887
1341839346.024783 -2.0050719 -0.4457784 1.4596417 0.2356457 0.1056972 0.0354074 0.9654251
1341839346.460699 -2.4365361 -0.7012365 1.7057490 0.2331750 0.1769782 0.0774047 0.9530565
1341839346.832738 -2.6639414 -1.0394411 2.0389981 0.2130536 0.2475913 0.1241359 0.9369616
1341839346.932707 -2.6683779 -1.0378983 2.0365262 0.2071485 0.2343984 0.1202244 0.9421746
1341839347.432739 -2.6667089 -1.0484854 2.0755177 0.2077336 0.1701285 0.0943494 0.9586455
1341839347.897870 -2.6634097 -1.0503726 2.0820072 0.2103274 0.1162849 0.0695709 0.9681942
1341839348.571279 -2.6638753 -1.0525723 2.0886860 0.2081792 0.0553131 0.0551126 0.9749690
1341839348.933633 -2.6655207 -1.0617012 2.1173601 0.2075108 0.0244853 0.0684881 0.9755251
1341839349.605579 -2.6633797 -1.0602784 2.1134672 0.2184714 0.0114505 0.0804164 0.9724569
1341839350.280659 -2.6534710 -1.0399660 2.0480797 0.1849179 0.0232336 0.0792969 0.9792740
1341839350.945777 -2.6397483 -1.0300460 2.0129964 0.1657798 0.0710909 0.1159014 0.9767446
1341839351.649696 -2.6338854 -1.0325828 2.0197940 0.1617779 0.0536218 0.1298790 0.9767722
1341839352.321760 -2.6332471 -1.0327563 2.0233502 0.1499036 0.0601960 0.1593003 0.9739244
1341839352.989907 -2.6316917 -1.0331204 2.0268548 0.1527126 0.0658680 0.1731553 0.9707510
1341839353.532682 -2.6309752 -1.0335042 2.0298834 0.1495541 0.0833767 0.1912715 0.9664870
1341839353.934247 -2.6301575 -1.0336610 2.0285637 0.1482163 0.0795739 0.1988947 0.9654744
1341839354.298363 -2.6285658 -1.0338517 2.0308034 0.1517721 0.0821415 0.2113612 0.9620522
1341839354.597692 -2.6279495 -1.0350661 2.0306406 0.1529896 0.0800071 0.2118946 0.9619219
1341839355.101627 -2.6260037 -1.0331824 2.0283737 0.1428746 0.0773936 0.2246343 0.9607999
1341839355.774017 -2.6299994 -1.0387217 2.0318177 0.1252332 0.1255166 0.2509250 0.9516296
1341839356.441698 -2.6228018 -1.0360128 2.0318415 0.1283549 0.1125525 0.2790875 0.9449694
1341839357.113806 -2.6228392 -1.0340713 2.0247297 0.1216435 0.1360487 0.3205907 0.9294704
1341839357.781624 -2.6144371 -1.0293452 2.0147195 0.1223767 0.1095889 0.3426818 0.9249775
1341839358.454802 -2.6112146 -1.0257962 2.0098181 0.1288890 0.0821503 0.3375823 0.9288042
1341839359.125660 -2.6024318 -1.0177269 2.0041032 0.1456512 0.0279205 0.3580082 0.9218656
1341839359.793758 -2.5953190 -1.0102420 1.9991653 0.1689675 -0.0247946 0.3544253 0.9193574
1341839360.498243 -2.5870001 -1.0000255 1.9852307 0.1897769 -0.0880830 0.3653452 0.9070551
1341839361.134063 -2.5946479 -0.9937879 1.9742838 0.2337525 -0.1306423 0.3987198 0.8771060
1341839361.805940 -2.6062913 -1.0082498 1.9942747 0.2480703 -0.1630677 0.4309215 0.8521600
1341839362.473901 -2.6036096 -1.0042067 1.9833558 0.2730257 -0.2040032 0.4397987 0.8309132
1341839363.152777 -2.5991325 -0.9976976 1.9705983 0.2873535 -0.2405365 0.4322024 0.8202263
1341839363.817716 -2.5986249 -0.9961261 1.9660804 0.2861696 -0.2536266 0.4302918 0.8176976
