1341839113.825830 -0.0000000 -0.0000000 -0.0000000 0.0000000 0.0000000 0.0000000 1.0000000
1341839114.261690 -0.0151533 0.0059988 -0.0011550 -0.0078098 -0.0006741 -0.0039204 0.9999616
1341839114.933721 -0.0677529 0.0264950 -0.0249614 -0.0152848 0.0111953 -0.0023827 0.9998177
1341839115.601623 -0.1711954 0.0621443 -0.0830836 -0.0272843 0.0290927 0.0049064 0.9991922
1341839116.273644 -0.3095977 0.0534632 -0.0945861 -0.0265658 0.0646202 0.0331096 0.9970067
1341839116.941574 -0.4308756 0.0505887 -0.1286006 -0.0317920 0.0829179 0.0340095 0.9954684
1341839117.613653 -0.6333337 0.0863702 -0.1817878 -0.0367974 0.1133975 0.0435638 0.9919119
1341839118.285581 -0.8177960 0.1065036 -0.1955239 -0.0417939 0.1223155 0.0425083 0.9906994
1341839118.953665 -0.9674852 0.0876114 -0.1608694 -0.0464964 0.1377033 0.0506705 0.9880832
1341839119.625979 -1.1321002 0.1131451 -0.1244630 -0.0458730 0.1603858 0.0627078 0.9839917
1341839120.293457 -1.2664633 0.1001989 -0.1119324 -0.0414215 0.1814809 0.0785087 0.9793801
1341839120.965555 -1.4413862 0.0876336 -0.1055000 -0.0500356 0.2013536 0.0878715 0.9742853
1341839121.633518 -1.5719565 0.0477993 -0.0481403 -0.0310707 0.1979864 0.0852858 0.9759930
1341839122.305536 -1.7034783 0.0025195 0.0368378 -0.0240754 0.2060088 0.0766659 0.9752451
1341839123.009572 -1.8209012 -0.0179078 0.1290410 -0.0167501 0.2114154 0.0782687 0.9741135
1341839123.209570 -1.8507664 0.0036493 0.1385674 -0.0194720 0.2171100 0.0838206 0.9723468
1341839123.881576 -1.9426632 -0.0255431 0.1791998 -0.0202635 0.2454462 0.0805787 0.9658430
1341839124.549607 -2.1317701 -0.0436551 0.2252400 -0.0275443 0.2479002 0.0842595 0.9647213
1341839125.086082 -2.2187550 -0.0694194 0.2470404 -0.0299855 0.2628450 0.0862053 0.9605113
1341839125.321651 -2.2438903 -0.0758371 0.2617152 -0.0353427 0.2680948 0.0742678 0.9598752
1341839125.993528 -2.3046536 -0.0795755 0.3392023 -0.0373210 0.2908368 0.0865591 0.9521180
1341839126.661503 -2.3590679 -0.1369407 0.4654359 -0.0346524 0.3085395 0.0922507 0.9460932
1341839127.333679 -2.4110842 -0.1650024 0.5185829 -0.0176665 0.3506811 0.0886974 0.9321177
1341839128.001556 -2.5098503 -0.2069101 0.6392817 -0.0092312 0.3886663 0.1060390 0.9152098
1341839128.674297 -2.5251093 -0.2416599 0.7100583 -0.0171085 0.4116462 0.1263712 0.9023774
1341839129.345615 -2.5865288 -0.2622111 0.8596183 -0.0167441 0.4367857 0.1524102 0.8864023
1341839130.013837 -2.5727119 -0.3385879 0.9797750 -0.0244825 0.4562507 0.1576402 0.8754344
1341839130.685466 -2.6466203 -0.3676416 1.1069348 -0.0123790 0.4835407 0.1793502 0.8566614
1341839131.353559 -2.7185721 -0.4154175 1.2290229 -0.0176917 0.4920276 0.1854691 0.8504100
1341839132.025660 -2.7462394 -0.4795547 1.3458158 -0.0168449 0.4981056 0.1919879 0.8454275
1341839132.693571 -2.8022747 -0.5153742 1.4625213 -0.0136696 0.5189508 0.2107710 0.8282987
1341839133.365789 -2.8607507 -0.5415353 1.4920449 -0.0075018 0.5117676 0.2168261 0.8312786
1341839134.040599 -2.9498668 -0.5629393 1.6142452 -0.0211227 0.5220315 0.2299190 0.8210811
1341839134.369540 -3.0023780 -0.5905837 1.6894703 -0.0095784 0.5136780 0.2261734 0.8275801
1341839134.741672 -3.0509210 -0.6381044 1.7732272 0.0022973 0.5117024 0.2202754 0.8304421
1341839135.173566 -3.0578814 -0.7024693 1.8538558 -0.0049469 0.5317545 0.2169768 0.8186170
1341839135.845539 -3.0582476 -0.7299982 1.9347706 0.0071265 0.5706652 0.2228001 0.7903484
1341839136.549505 -3.0564830 -0.7749578 2.0453906 0.0124194 0.5803460 0.2269140 0.7820194
1341839137.221759 -3.1133962 -0.8089036 2.1456721 0.0206459 0.5926876 0.2340840 0.7703894
1341839137.896603 -3.1987190 -0.8567060 2.2665980 0.0073223 0.6234041 0.2445069 0.7426507
1341839138.568521 -3.2251530 -0.8907024 2.3985169 0.0030250 0.6251090 0.2480586 0.7400653
1341839139.237233 -3.1882334 -0.8998938 2.4814603 -0.0162270 0.6554770 0.2545840 0.7108260
1341839139.969603 -3.1662750 -0.9315597 2.5760024 -0.0312822 0.6765149 0.2658771 0.6860454
1341839140.637520 -3.1938183 -0.9604407 2.6743457 -0.0334793 0.6936350 0.2751709 0.6648539
1341839141.309576 -3.2212160 -1.0217988 2.8362837 -0.0323724 0.7090752 0.2754906 0.6482818
1341839141.977668 -3.2125571 -1.0791633 2.9671934 -0.0370024 0.7202918 0.2664172 0.6394000
1341839142.681490 -3.1468220 -1.1255027 3.0792005 -0.0458790 0.7570329 0.2688939 0.5937107
1341839143.385603 -3.1366155 -1.1564918 3.1755242 -0.0509588 0.7696878 0.2677521 0.5773151
1341839144.057581 -3.1075435 -1.1850967 3.2981143 -0.0650766 0.7859357 0.2806774 0.5470743
1341839144.761455 -3.0557840 -1.2199235 3.3564267 -0.0621011 0.7887473 0.2806216 0.5433899
