1341839113.961614 -0.0000000 -0.0000000 -0.0000000 0.0000000 0.0000000 0.0000000 1.0000000
1341839114.397666 -0.0195491 0.0045213 -0.0016401 -0.0082180 -0.0031378 -0.0066410 0.9999393
1341839115.065634 -0.0828131 0.0305251 -0.0416591 -0.0147495 0.0159741 0.0028154 0.9997597
1341839115.737552 -0.1783592 0.0599388 -0.0790262 -0.0249960 0.0296744 0.0087878 0.9992084
1341839116.405626 -0.3561091 0.0710011 -0.0975046 -0.0219872 0.0741084 0.0411256 0.9961592
1341839117.077581 -0.4890510 0.0793965 -0.1250945 -0.0263414 0.0906083 0.0277584 0.9951511
1341839117.745712 -0.6861223 0.0928951 -0.1964023 -0.0363656 0.1109785 0.0426410 0.9922414
1341839118.417611 -0.8495646 0.0971607 -0.2104146 -0.0383579 0.1182038 0.0437275 0.9912843
1341839119.089581 -1.0139064 0.0957563 -0.1742818 -0.0425305 0.1384608 0.0559441 0.9878715
1341839119.757807 -1.1566954 0.0980371 -0.1564419 -0.0509260 0.1505623 0.0575871 0.9856070
1341839120.429559 -1.3240086 0.0911009 -0.1420829 -0.0455904 0.1764494 0.0808058 0.9799273
1341839121.097656 -1.5061139 0.0761090 -0.1217873 -0.0468950 0.1942160 0.0893795 0.9757522
1341839121.769806 -1.6330097 0.0269724 -0.0524232 -0.0261164 0.1896227 0.0796835 0.9782698
1341839122.441566 -1.7807547 -0.0141131 0.0377369 -0.0220320 0.2033968 0.0788379 0.9756685
1341839123.141926 -1.8883970 -0.0372275 0.1114531 -0.0205292 0.2056187 0.0813673 0.9750276
1341839123.813710 -1.9894589 -0.0415775 0.1510220 -0.0171346 0.2378759 0.0828993 0.9675997
1341839124.485711 -2.1894670 -0.0625975 0.1930579 -0.0275209 0.2361322 0.0826830 0.9678056
1341839125.153540 -2.3269835 -0.0578407 0.2164130 -0.0229974 0.2540924 0.0830086 0.9633368
1341839125.825554 -2.3689930 -0.0882928 0.2848663 -0.0398666 0.2859945 0.0820028 0.9538833
1341839126.493573 -2.4330599 -0.1536500 0.4245005 -0.0413327 0.2918890 0.0927773 0.9510440
1341839127.165684 -2.4890726 -0.1849852 0.4989778 -0.0230340 0.3319105 0.0909387 0.9386346
1341839127.837525 -2.5857635 -0.2284843 0.6010017 -0.0169062 0.3734227 0.0995812 0.9221460
1341839128.505546 -2.6216092 -0.2539787 0.6804809 -0.0168076 0.3963273 0.1218923 0.9098266
1341839129.177574 -2.6680274 -0.3029125 0.8224957 -0.0268869 0.4211836 0.1458690 0.8947647
1341839129.845557 -2.6880019 -0.3319517 0.9687747 -0.0199187 0.4445761 0.1639952 0.8803754
1341839130.517772 -2.7282057 -0.3927923 1.0945932 -0.0163548 0.4756573 0.1782210 0.8612316
1341839131.185722 -2.8188179 -0.4406560 1.2202075 -0.0150394 0.4846959 0.1837306 0.8550361
1341839131.857572 -2.8581223 -0.4940977 1.3559375 -0.0144207 0.4907644 0.1927424 0.8495839
1341839132.529690 -2.9167244 -0.5383126 1.4653103 -0.0158510 0.5137691 0.2130725 0.8308972
1341839133.197576 -2.9636154 -0.5859777 1.5356283 -0.0092425 0.5081096 0.2153446 0.8338860
1341839133.876620 -3.0646091 -0.5822213 1.6336567 -0.0148402 0.5233194 0.2329913 0.8195314
1341839134.573575 -3.1476834 -0.6653036 1.8247910 -0.0114881 0.5091615 0.2213858 0.8316315
1341839135.241688 -3.2209544 -0.7115084 1.9363532 0.0091806 0.5330355 0.2207100 0.8167472
1341839135.913620 -3.1825926 -0.7815531 2.0303535 0.0049670 0.5734176 0.2212897 0.7887956
1341839136.617613 -3.2064686 -0.8139578 2.1223321 0.0157233 0.5760100 0.2284928 0.7847014
1341839137.285736 -3.2429917 -0.8826129 2.2454367 0.0127165 0.5968224 0.2375092 0.7663098
1341839137.964534 -3.3541851 -0.9050997 2.3620095 0.0054336 0.6193305 0.2473024 0.7451454
1341839138.637679 -3.3692181 -0.9432571 2.4939613 0.0021203 0.6245677 0.2482498 0.7404611
1341839139.305090 -3.3333583 -0.9543459 2.5721102 -0.0191357 0.6563036 0.2561773 0.7094170
1341839140.033569 -3.3192420 -0.9703277 2.6798944 -0.0255635 0.6781199 0.2658966 0.6846889
1341839140.705526 -3.3391626 -1.0168445 2.7942882 -0.0359852 0.6959727 0.2727714 0.6632667
1341839141.378026 -3.3532650 -1.0941424 2.9582345 -0.0395403 0.7073883 0.2750552 0.6499100
1341839142.048866 -3.3499694 -1.1481028 3.0835953 -0.0455600 0.7193794 0.2681231 0.6391616
1341839142.749655 -3.2840624 -1.1921970 3.1999559 -0.0463308 0.7566658 0.2696466 0.5938022
1341839143.453645 -3.2653804 -1.2242353 3.3037868 -0.0550887 0.7674562 0.2711593 0.5783155
1341839144.125588 -3.2385159 -1.2532791 3.4231405 -0.0661479 0.7829059 0.2830499 0.5500595
1341839144.829602 -3.1972516 -1.2831229 3.4748425 -0.0606473 0.7866241 0.2808858 0.5464866
