1341839113.961614 -0.0000000 -0.0000000 -0.0000000 0.0000000 0.0000000 0.0000000 1.0000000
1341839114.429583 -0.0242580 0.0090352 0.0000201 -0.0092333 -0.0023681 -0.0055804 0.9999390
1341839115.101577 -0.0896277 0.0337996 -0.0473961 -0.0153102 0.0150931 0.0049769 0.9997565
1341839115.769579 -0.2010677 0.0697617 -0.0964905 -0.0230843 0.0322699 0.0079860 0.9991806
1341839116.441448 -0.3756749 0.0661644 -0.0959502 -0.0226341 0.0760179 0.0432825 0.9959095
1341839117.109633 -0.5110996 0.0720453 -0.1280697 -0.0274661 0.0923100 0.0293745 0.9949179
1341839117.781725 -0.7461036 0.1046963 -0.2036387 -0.0339616 0.1174886 0.0429099 0.9915653
1341839118.449697 -0.9053995 0.0970446 -0.1992765 -0.0383188 0.1237201 0.0448432 0.9905625
1341839119.121679 -1.0832021 0.0912501 -0.1605067 -0.0441421 0.1457666 0.0581653 0.9866207
1341839119.793744 -1.2383940 0.1007795 -0.1453366 -0.0521537 0.1581524 0.0574581 0.9843609
1341839120.461550 -1.4117936 0.0909804 -0.1221989 -0.0461018 0.1853010 0.0804226 0.9782997
1341839121.133691 -1.6048948 0.0795140 -0.0981918 -0.0452897 0.2019483 0.0888485 0.9743057
1341839121.801610 -1.7296033 0.0314062 -0.0215961 -0.0229940 0.1977742 0.0766228 0.9769778
1341839122.476666 -1.8800859 -0.0105778 0.0692999 -0.0197535 0.2111977 0.0791424 0.9740338
1341839123.177759 -1.9951682 -0.0232120 0.1378520 -0.0186061 0.2147738 0.0803222 0.9731775
1341839123.845656 -2.0898325 -0.0390855 0.1811799 -0.0178031 0.2436755 0.0822515 0.9661987
1341839124.517670 -2.2943227 -0.0648643 0.2303402 -0.0289945 0.2448509 0.0824609 0.9656125
1341839125.189545 -2.4146781 -0.0769826 0.2512642 -0.0324175 0.2594324 0.0791443 0.9619668
1341839125.857601 -2.4701555 -0.0966551 0.3319794 -0.0399031 0.2918150 0.0841623 0.9519288
1341839126.529589 -2.5388749 -0.1520010 0.4759356 -0.0382936 0.2999784 0.0867785 0.9492186
1341839127.197636 -2.5893116 -0.1955502 0.5430368 -0.0223153 0.3385069 0.0900756 0.9363768
1341839127.869904 -2.6963570 -0.2362973 0.6485353 -0.0157042 0.3799227 0.1002583 0.9194348
1341839128.537583 -2.7237194 -0.2725472 0.7325383 -0.0193807 0.4019164 0.1179836 0.9078367
1341839129.209655 -2.7888680 -0.3070030 0.8916073 -0.0231198 0.4309858 0.1453399 0.8902769
1341839129.881595 -2.7774677 -0.3696541 1.0328947 -0.0267061 0.4479502 0.1605263 0.8791238
1341839130.549519 -2.8395090 -0.3889578 1.1678448 -0.0103317 0.4801441 0.1786593 0.8587408
1341839131.221649 -2.9209471 -0.4630460 1.2969368 -0.0185756 0.4892267 0.1811636 0.8529314
1341839131.889513 -2.9628816 -0.5111508 1.4223695 -0.0152739 0.4921691 0.1893479 0.8495197
1341839132.561519 -3.0148296 -0.5617145 1.5460358 -0.0168407 0.5175235 0.2098547 0.8293653
1341839133.229574 -3.0687745 -0.5965500 1.6055462 -0.0091763 0.5078153 0.2118309 0.8349653
1341839133.908528 -3.1734514 -0.6003640 1.7021092 -0.0150290 0.5205300 0.2331258 0.8212643
1341839134.605581 -3.2678432 -0.6814989 1.8940932 -0.0068844 0.5072058 0.2187170 0.8335813
1341839135.277641 -3.3223433 -0.7497232 2.0061111 0.0010997 0.5295429 0.2193917 0.8194208
1341839135.945920 -3.3054521 -0.7937601 2.1009464 0.0091395 0.5718873 0.2176500 0.7908791
1341839136.649571 -3.3145761 -0.8399451 2.2101755 0.0139589 0.5751794 0.2262491 0.7859931
1341839137.321642 -3.3845172 -0.8822526 2.3220453 0.0248235 0.5964456 0.2352627 0.7669993
1341839137.996524 -3.4718189 -0.9238891 2.4560394 0.0087484 0.6180878 0.2442378 0.7471538
1341839138.668579 -3.4941511 -0.9609732 2.5822473 0.0037661 0.6229500 0.2445816 0.7430336
1341839139.336872 -3.4556839 -0.9640040 2.6749613 -0.0135896 0.6558638 0.2545638 0.7105317
1341839140.069602 -3.4495764 -0.9902216 2.7719944 -0.0226054 0.6732641 0.2669358 0.6891659
1341839140.737690 -3.4826589 -1.0365827 2.8942614 -0.0321944 0.6922821 0.2736874 0.6669365
1341839141.409623 -3.4982889 -1.1130193 3.0646212 -0.0340168 0.7051397 0.2715870 0.6541111
1341839142.116693 -3.4859035 -1.1626046 3.2006409 -0.0362492 0.7206615 0.2655464 0.6393889
1341839142.781698 -3.4249430 -1.2152950 3.3128753 -0.0383765 0.7551213 0.2680771 0.5970375
1341839143.485734 -3.4068098 -1.2518439 3.4229045 -0.0509054 0.7650921 0.2675563 0.5834864
1341839144.157579 -3.3700695 -1.2835946 3.5456407 -0.0610318 0.7804900 0.2807253 0.5552511
1341839144.861614 -3.3257492 -1.3170702 3.5959671 -0.0576316 0.7835010 0.2785147 0.5524803
