1311867170.462290 -0.0000000 -0.0000000 -0.0000000 0.0000000 0.0000000 0.0000000 1.0000000
1311867170.726388 0.0587704 -0.1220568 -0.0877799 -0.0415813 -0.0284137 -0.0174489 0.9985786
1311867171.394143 0.0812739 -0.1421127 -0.1315282 -0.0233753 -0.0245072 -0.0243554 0.9991295
1311867172.062288 0.0373375 -0.1471125 -0.1537851 -0.0264090 -0.0464355 -0.0388059 0.9978178
1311867172.726393 -0.0001618 -0.1417537 -0.1525042 -0.0445821 -0.0643352 -0.0378708 0.9962125
1311867173.394287 -0.0260167 -0.1457450 -0.1595021 -0.0550576 -0.0805706 -0.0407523 0.9943924
1311867174.062463 -0.0304696 -0.1471164 -0.1700139 -0.0556034 -0.1017972 -0.0340383 0.9926666
1311867174.726563 -0.0365275 -0.1254669 -0.1541829 -0.0638356 -0.1168234 -0.0396615 0.9903051
1311867175.394599 -0.0879166 -0.1030967 -0.1557829 -0.0699678 -0.1182884 -0.0499626 0.9892503
1311867176.062706 -0.1163330 -0.1098450 -0.1756005 -0.0753671 -0.1352092 -0.0598088 0.9861345
1311867176.726589 -0.1468040 -0.0938219 -0.1771015 -0.0615130 -0.1405398 -0.0568592 0.9865251
1311867177.394609 -0.2071736 -0.0759329 -0.2025024 -0.0546647 -0.1455371 -0.0682272 0.9854825
1311867178.063448 -0.2211028 -0.0628880 -0.2036230 -0.0552272 -0.1535483 -0.0664979 0.9843531
1311867178.730745 -0.2109650 -0.0389202 -0.1344151 -0.0495623 -0.1798534 -0.0714327 0.9798437
1311867179.394849 -0.2436226 -0.1373497 -0.4844609 -0.0582094 -0.1608524 -0.0714193 0.9826685
1311867180.062647 -0.2423135 -0.0252584 -0.1597871 -0.0466520 -0.1927011 -0.0723264 0.9774757
1311867180.730974 -0.2125560 -0.0271778 -0.1149667 -0.0457400 -0.1867259 -0.0839623 0.9777482
1311867181.394822 -0.1731653 -0.0216667 -0.0775681 -0.0470349 -0.1963290 -0.0855830 0.9756629
1311867182.062900 -0.2502372 -0.0651676 -0.2818407 -0.0539608 -0.1581376 -0.0707057 0.9834030
1311867182.733050 -0.1478340 -0.1297880 -0.3615782 -0.0523182 -0.1589400 -0.0660346 0.9836871
1311867183.398546 -0.0890550 -0.1087517 -0.2553338 -0.0481618 -0.1667975 -0.0685772 0.9824237
1311867184.064723 -0.1219240 -0.1320264 -0.2799050 -0.0525874 -0.1425914 -0.0704363 0.9858707
1311867184.735909 -0.0511927 -0.1223058 -0.2292023 -0.0481448 -0.1454176 -0.0672951 0.9859042
1311867185.403637 -0.0151085 -0.1064618 -0.0745268 -0.0448329 -0.1413514 -0.0568782 0.9873068
1311867186.065305 -0.0039504 -0.1287020 -0.0880193 -0.0545885 -0.1272676 -0.0657941 0.9881772
1311867186.733752 -0.0109412 -0.1453153 -0.1284384 -0.0660583 -0.1155274 -0.0754307 0.9882307
1311867187.403345 0.0334061 -0.1320445 -0.1308682 -0.0808073 -0.0982215 -0.0632282 0.9898611
1311867188.063418 0.0681952 -0.1359918 -0.1585318 -0.0815257 -0.1010609 -0.0734167 0.9888126
1311867188.731585 0.0957027 -0.1351710 -0.1863032 -0.0588105 -0.0823361 -0.0648839 0.9927498
1311867189.405684 0.1327091 -0.1518169 -0.2191669 -0.0418692 -0.0483065 -0.0538464 0.9965009
1311867190.063454 0.1722926 -0.1327230 -0.1790959 -0.0420430 -0.0373650 -0.0614414 0.9965246
1311867190.731381 0.2382793 -0.1538160 -0.1968038 -0.0401972 -0.0346584 -0.0606067 0.9967496
1311867191.399571 0.3424403 -0.1908303 -0.1966435 -0.0513723 -0.0455482 -0.0655081 0.9954873
1311867192.063495 0.3110684 -0.1626563 -0.1661385 -0.0525248 -0.0323973 -0.0656428 0.9959330
1311867192.731618 0.3565838 -0.1372317 -0.0046116 -0.0433130 -0.0309548 -0.0638339 0.9965395
1311867193.399557 0.4046907 -0.1304096 0.0015984 -0.0480578 -0.0381564 -0.0583870 0.9964063
1311867194.063653 0.4403834 -0.1311407 0.0010293 -0.0469289 -0.0306787 -0.0587135 0.9966992
1311867194.731755 0.4423878 -0.1168506 0.0193445 -0.0465315 -0.0283019 -0.0578887 0.9968364
1311867195.399819 0.4379927 -0.1286774 0.0026455 -0.0491438 -0.0329073 -0.0605132 0.9964136
1311867196.067754 0.4042545 -0.1295618 -0.0049176 -0.0490789 -0.0349149 -0.0621958 0.9962449
1311867196.731760 0.3645291 -0.1279203 -0.0122691 -0.0537699 -0.0335936 -0.0601481 0.9961739
1311867197.399882 0.3146240 -0.1308993 -0.0141267 -0.0568493 -0.0359480 -0.0655765 0.9955781
1311867198.067816 0.2979095 -0.1412206 -0.0768771 -0.0607950 -0.0389462 -0.0709155 0.9948659
1311867198.731874 0.2563640 -0.1459487 -0.1227790 -0.0587046 -0.0466304 -0.0696623 0.9947495
1311867199.399920 0.2476965 -0.1282412 -0.1498362 -0.0532514 -0.0375133 -0.0523941 0.9964998
1311867200.068006 0.2009887 -0.1488731 -0.1993824 -0.0560149 -0.0466975 -0.0614068 0.9954451
1311867200.732170 0.1034605 -0.1310501 -0.2823365 -0.0531817 -0.0489361 -0.0778441 0.9943426
1311867201.400227 0.1174049 -0.1379452 -0.1668048 -0.0525844 -0.0670147 -0.0719462 0.9937644
1311867202.068152 0.1043613 -0.1083026 -0.1963567 -0.0487934 -0.0872220 -0.0778150 0.9919457
1311867202.732284 0.0932345 -0.1495966 -0.2857477 -0.0510279 -0.0905249 -0.0779188 0.9915292
1311867203.400200 0.0653237 -0.1420242 -0.1903047 -0.0536124 -0.0883206 -0.0794636 0.9914690
1311867204.068206 0.0671128 -0.1690709 -0.2140955 -0.0456000 -0.0900765 -0.0908553 0.9907331
1311867204.732293 0.0661599 -0.2024006 -0.2270018 -0.0153112 -0.0807260 -0.0875989 0.9927614
1311867205.400476 0.0507052 -0.2436859 -0.2010524 -0.0099325 -0.0754554 -0.0698395 0.9946508
1311867206.068413 0.0380682 -0.2829126 -0.2091940 -0.0055468 -0.0784315 -0.0694400 0.9944827
1311867206.736376 0.0294441 -0.3217657 -0.1958465 -0.0066405 -0.0848673 -0.0671955 0.9941017
1311867207.400698 0.0277674 -0.3665615 -0.2030587 -0.0018272 -0.0923748 -0.0664058 0.9935058
1311867208.069925 0.0189166 -0.4115448 -0.2061327 0.0071635 -0.0979524 -0.0736658 0.9924350
1311867208.736710 0.0144030 -0.4470246 -0.2040594 0.0108500 -0.1027305 -0.0767223 0.9916866
1311867209.400674 0.0026876 -0.4886021 -0.2189906 0.0174652 -0.1041886 -0.0769376 0.9914234
1311867210.068816 -0.0029052 -0.5128191 -0.2353600 0.0280479 -0.1047866 -0.0768994 0.9911204
1311867210.736657 -0.0147395 -0.5305912 -0.2396323 0.0241419 -0.1012803 -0.0816022 0.9912117
1311867211.401155 -0.0133748 -0.5182183 -0.2444683 0.0205370 -0.1021934 -0.0823316 0.9911389
1311867212.068925 -0.0109565 -0.5054331 -0.2474878 0.0279706 -0.0986251 -0.0843586 0.9911480
1311867212.736989 0.0014430 -0.4750336 -0.2597080 0.0330549 -0.0997977 -0.0744037 0.9916713
1311867213.401378 0.0197729 -0.4375982 -0.2795245 0.0450301 -0.0983326 -0.0662673 0.9919232
1311867214.068910 0.0353702 -0.3969526 -0.2754484 0.0350495 -0.0894591 -0.0692289 0.9929633
1311867214.736964 0.0460841 -0.3620846 -0.2769502 0.0338828 -0.0837845 -0.0701209 0.9934360
1311867215.404952 0.0579762 -0.3177305 -0.2749740 0.0280540 -0.0839356 -0.0748045 0.9932633
1311867216.069483 0.0625635 -0.2888097 -0.2765361 0.0236104 -0.0794496 -0.0761922 0.9936423
1311867216.737208 0.0706259 -0.2533675 -0.2658633 0.0101691 -0.0781229 -0.0752834 0.9940452
1311867217.412045 0.0786132 -0.2330366 -0.2695370 0.0061956 -0.0771417 -0.0763754 0.9940712
1311867218.071085 0.0840413 -0.2035044 -0.2662815 -0.0045501 -0.0795422 -0.0705784 0.9943194
1311867218.737849 0.0810427 -0.1875955 -0.2677092 -0.0127764 -0.0762158 -0.0810454 0.9937100
1311867219.405197 0.0844677 -0.1675031 -0.2536332 -0.0293896 -0.0779961 -0.0775003 0.9935022
1311867220.074365 0.0875221 -0.1451024 -0.2482808 -0.0387750 -0.0677234 -0.0802373 0.9937162
1311867220.739338 0.0913077 -0.1360509 -0.2517313 -0.0505582 -0.0666783 -0.0784436 0.9934005
1311867221.407147 0.1099471 -0.1150296 -0.2553157 -0.0467864 -0.0798362 -0.0830674 0.9922384
1311867222.069362 0.1095164 -0.1211258 -0.2652835 -0.0605206 -0.0674804 -0.0783565 0.9927960
1311867222.739992 0.1199633 -0.0105346 -0.2756286 -0.0667279 -0.0807274 -0.0824904 0.9910731
1311867223.407361 0.1162729 0.0213089 -0.2677640 -0.0711937 -0.0850233 -0.0675814 0.9915317
1311867224.076133 0.1084402 0.0242223 -0.3712243 -0.0855185 -0.0727460 -0.0681679 0.9913363
1311867224.737612 0.1315664 0.0690887 -0.3083991 -0.0660953 -0.0719910 -0.0707384 0.9926957
1311867225.405582 0.1249000 0.1098083 -0.3123942 -0.0651488 -0.0661503 -0.0630113 0.9936847
1311867226.073737 0.1249074 0.1315060 -0.3379783 -0.0478392 -0.0794697 -0.0682297 0.9933482
1311867226.737728 0.1268235 0.1535980 -0.3503914 -0.0538459 -0.0817168 -0.0646714 0.9930965
1311867227.405700 0.1259122 0.1756243 -0.3740557 -0.0610970 -0.0799495 -0.0665166 0.9926987
1311867228.073892 0.1233964 0.1978676 -0.3764877 -0.0682012 -0.0769657 -0.0642799 0.9926193
1311867228.738100 0.1340245 0.2104419 -0.3684038 -0.0600687 -0.0797773 -0.0668170 0.9927552
1311867229.405824 0.1250464 0.1717437 -0.3800817 -0.0496352 -0.0815062 -0.0549424 0.9939187
1311867230.074069 0.1155358 0.0902999 -0.3845100 -0.0425632 -0.0882349 -0.0577986 0.9935101
1311867230.737957 0.1112247 0.0777619 -0.3812840 -0.0295366 -0.0920890 -0.0534732 0.9938751
1311867231.405990 0.0983879 0.0545483 -0.3940143 -0.0247472 -0.0915117 -0.0529829 0.9940855
1311867232.074075 0.0987603 0.0051744 -0.4250625 -0.0304276 -0.0931061 -0.0487593 0.9939960
1311867232.742111 0.0965099 -0.0175381 -0.4349881 -0.0283457 -0.0978265 -0.0476301 0.9936588
1311867233.406026 0.0836965 -0.0191422 -0.4059257 -0.0126563 -0.1007385 -0.0504474 0.9935525
1311867234.074349 0.0836508 -0.0591461 -0.4078530 -0.0084502 -0.1040398 -0.0540030 0.9930700
1311867234.742287 0.0657621 -0.0694493 -0.3953976 -0.0022275 -0.1071906 -0.0546447 0.9927332
1311867235.406214 0.0669279 -0.0926072 -0.3883301 -0.0027675 -0.1044401 -0.0515982 0.9931879
1311867236.074226 0.0525310 -0.0850756 -0.3635516 -0.0001589 -0.0973189 -0.0514608 0.9939219
1311867236.742471 0.0473881 -0.0894957 -0.3270238 -0.0079784 -0.0956178 -0.0550071 0.9938651
1311867237.406529 0.0358809 -0.0837780 -0.2738619 -0.0167178 -0.0970931 -0.0602040 0.9933121
1311867238.074515 0.0577908 -0.1195079 -0.2246881 -0.0345040 -0.1026816 -0.0603536 0.9922819
1311867238.742522 0.0349460 -0.1071588 -0.1527258 -0.0337544 -0.0931287 -0.0609967 0.9932105
1311867239.406592 0.0329024 -0.1237517 -0.0650033 -0.0375335 -0.0943017 -0.0590640 0.9930810
1311867240.074598 0.0376487 -0.1355795 0.0085666 -0.0483093 -0.0951392 -0.0580267 0.9925964
1311867240.742631 0.0351446 -0.1531130 0.0649001 -0.0534538 -0.1046245 -0.0662840 0.9908596
1311867241.410635 0.0155145 -0.1582521 0.1635363 -0.0658607 -0.1067095 -0.0662940 0.9898891
1311867242.074787 0.0040099 -0.1638387 0.1681464 -0.0795948 -0.1088491 -0.0674918 0.9885653
1311867242.742836 0.0099505 -0.1440810 0.1988141 -0.0727344 -0.0999072 -0.0657027 0.9901572
1311867243.412082 0.0137524 -0.1608582 0.2397371 -0.0870422 -0.0966736 -0.0564896 0.9898923
1311867244.074729 0.0197407 -0.1521363 0.2983793 -0.0936040 -0.0931277 -0.0523337 0.9898620
1311867244.742796 0.0290445 -0.1461737 0.3982566 -0.1038321 -0.0972098 -0.0484314 0.9886473
1311867245.412235 0.0016396 -0.1401032 0.4346800 -0.1090521 -0.0808350 -0.0543661 0.9892511
1311867246.075233 -0.0023570 -0.1236412 0.4838803 -0.1133147 -0.0842777 -0.0620029 0.9880348
1311867246.743305 0.0149248 -0.1141030 0.5120858 -0.1263666 -0.0921885 -0.0622250 0.9857286
1311867247.411675 0.0218534 -0.1087652 0.5265492 -0.1178409 -0.1001065 -0.0601947 0.9861383
1311867248.075142 -0.0076165 -0.1280432 0.4680346 -0.1028715 -0.0771381 -0.0671718 0.9894216
1311867248.743299 0.0117698 -0.1415282 0.4153024 -0.1050988 -0.0808432 -0.0605351 0.9893200
1311867249.411217 0.0257852 -0.1577077 0.3356294 -0.1018018 -0.0693245 -0.0612279 0.9904956
1311867250.076673 0.0211993 -0.1698073 0.2133447 -0.1026434 -0.0641506 -0.0640968 0.9905759
1311867250.744545 0.0371942 -0.1374404 0.1782822 -0.0881760 -0.0636834 -0.0639440 0.9920083
1311867251.411345 0.0279816 -0.1655565 0.1190834 -0.0915034 -0.0630058 -0.0625068 0.9918419
1311867252.079454 0.0273764 -0.1574131 0.0669759 -0.0877338 -0.0637352 -0.0644052 0.9920144
1311867252.743241 0.0258407 -0.1683712 -0.0026282 -0.0717895 -0.0741869 -0.0640490 0.9925927
1311867253.412926 0.0362134 -0.1728195 -0.0727932 -0.0736420 -0.0850527 -0.0641500 0.9915784
1311867254.079374 0.0339038 -0.1877336 -0.1499690 -0.0669043 -0.0905628 -0.0671729 0.9913678
1311867254.745273 0.0308464 -0.1818198 -0.2515037 -0.0501387 -0.0857727 -0.0710528 0.9925123
1311867255.413757 0.0387901 -0.1774604 -0.3200374 -0.0349870 -0.0831434 -0.0717115 0.9933380
1311867256.079590 0.0489583 -0.1767765 -0.3923718 -0.0367001 -0.0798991 -0.0744600 0.9933403
1311867256.746329 0.0285471 -0.1894619 -0.4760885 -0.0319575 -0.0977526 -0.0757259 0.9918108
1311867257.416062 0.0468398 -0.1950492 -0.5660946 -0.0260748 -0.0883844 -0.0787132 0.9926291
1311867258.083652 0.0771839 -0.2020109 -0.6786041 -0.0249866 -0.0699529 -0.0696662 0.9948009
1311867258.743665 0.0762983 -0.2196962 -0.6570982 -0.0199865 -0.0783029 -0.0705704 0.9942279
1311867259.411722 0.1128125 -0.2325755 -0.7308224 -0.0075761 -0.0836682 -0.0727262 0.9938074
1311867260.079913 0.1351700 -0.2325898 -0.8013842 -0.0077533 -0.0781146 -0.0707408 0.9944012
1311867260.749329 0.1535238 -0.2227428 -0.8843962 -0.0081038 -0.0665377 -0.0678675 0.9954402
1311867261.412118 0.1655399 -0.2511431 -0.9705287 0.0164222 -0.0698252 -0.0679169 0.9951091
1311867262.080301 0.1643769 -0.2363398 -1.0422884 0.0097201 -0.0643675 -0.0662100 0.9956800
1311867262.748013 0.1669977 -0.2056875 -1.1565832 0.0178419 -0.0571920 -0.0598882 0.9964056
1311867263.412375 0.1840660 -0.2109681 -1.2413975 0.0389912 -0.0585081 -0.0691328 0.9951267
1311867264.080210 0.2239980 -0.1957143 -1.3179618 0.0407656 -0.0609398 -0.0745480 0.9945185
1311867264.747965 0.2279839 -0.1911561 -1.3616910 0.0487193 -0.0807659 -0.0848103 0.9919226
1311867265.412207 0.2526342 -0.1917939 -1.4142423 0.0575197 -0.0748133 -0.0783366 0.9924504
1311867266.080451 0.2519374 -0.1831421 -1.4622743 0.0607470 -0.0711481 -0.0654662 0.9934596
1311867266.748428 0.2695169 -0.2259142 -1.7055173 0.0761097 -0.0759073 -0.0660568 0.9920090
1311867267.412292 0.2448174 -0.1905672 -1.4699578 0.0606838 -0.0697043 -0.0722915 0.9930925
1311867268.080313 0.2390722 -0.1937267 -1.4282360 0.0527048 -0.0663837 -0.0705156 0.9939029
1311867268.748466 0.1984512 -0.2114726 -1.3427993 0.0443741 -0.0582973 -0.0731091 0.9946293
1311867269.416552 0.1713511 -0.2094817 -1.2773734 0.0310826 -0.0535526 -0.0713242 0.9955294
1311867270.080609 0.1426026 -0.2094845 -1.2000699 0.0095028 -0.0472083 -0.0745009 0.9960576
1311867270.748564 0.1405178 -0.2274000 -1.1249824 -0.0038527 -0.0442922 -0.0754913 0.9961548
1311867271.416663 0.1398063 -0.2552588 -1.0605879 -0.0102256 -0.0457918 -0.0743306 0.9961293
1311867272.080587 0.1303746 -0.2824924 -0.9385847 -0.0161843 -0.0590205 -0.0754457 0.9952701
1311867272.748655 0.1276764 -0.3033110 -0.8476596 -0.0193643 -0.0660933 -0.0831703 0.9941526
1311867273.416830 0.1598755 -0.3021726 -0.7978526 -0.0169910 -0.0779218 -0.0829271 0.9933593
1311867274.080678 0.1590976 -0.2963099 -0.7002905 -0.0359192 -0.0607331 -0.0798655 0.9943052
1311867274.748763 0.1218433 -0.3135575 -0.6017854 -0.0219839 -0.0624233 -0.0783089 0.9947300
1311867275.416695 0.1012604 -0.3144936 -0.5000252 -0.0204193 -0.0588965 -0.0785737 0.9949575
1311867276.081061 0.0602061 -0.3036160 -0.4172955 -0.0284919 -0.0585018 -0.0781732 0.9948139
1311867276.749007 0.0356081 -0.3047812 -0.3492739 -0.0379306 -0.0455572 -0.0689031 0.9958605
1311867277.416922 0.0183052 -0.3014054 -0.2764235 -0.0467231 -0.0467882 -0.0720580 0.9952062
1311867278.084826 0.0242348 -0.2922278 -0.1993787 -0.0382335 -0.0493148 -0.0602157 0.9962330
1311867278.749117 0.0278289 -0.3155973 -0.1140280 -0.0158032 -0.0681964 -0.0595490 0.9957678
1311867279.417132 0.0228747 -0.2896477 -0.0410869 -0.0239050 -0.0699237 -0.0687681 0.9948921
1311867280.085300 0.0297640 -0.2684892 0.0364787 -0.0396470 -0.0671494 -0.0650109 0.9948330
1311867280.749156 0.0345462 -0.2548282 0.1004281 -0.0658593 -0.0527792 -0.0667307 0.9941951
1311867281.417074 0.0384364 -0.2370973 0.1618178 -0.0871307 -0.0474231 -0.0716986 0.9924811
1311867282.085212 0.0455257 -0.2374609 0.2048682 -0.0905744 -0.0559458 -0.0614275 0.9924178
1311867282.749855 0.0444393 -0.2192263 0.2384168 -0.0845640 -0.0552018 -0.0645382 0.9927923
1311867283.417308 0.0405214 -0.2218989 0.2634306 -0.0873122 -0.0588570 -0.0695112 0.9920084
1311867284.085373 0.0377698 -0.2110959 0.2777806 -0.0812012 -0.0577496 -0.0666815 0.9927864
1311867284.749751 0.0381819 -0.2114614 0.2841554 -0.0916495 -0.0559879 -0.0652751 0.9920710
1311867285.417581 0.0376964 -0.2113131 0.2793487 -0.0855345 -0.0608441 -0.0690719 0.9920741
1311867286.085402 0.0363278 -0.2115801 0.2845621 -0.0844867 -0.0608606 -0.0707957 0.9920413
1311867286.749549 0.0356570 -0.2114383 0.2864543 -0.0784599 -0.0691778 -0.0729582 0.9918345
1311867287.417576 0.0354027 -0.2115102 0.2859834 -0.0821712 -0.0708467 -0.0762572 0.9911677
1311867288.085418 0.0414603 -0.2141487 0.2881150 -0.0807868 -0.0677555 -0.0741654 0.9916563
1311867288.756022 0.0363586 -0.2109794 0.2835776 -0.0779786 -0.0657589 -0.0750643 0.9919478
1311867289.417704 0.0363058 -0.2114411 0.2825446 -0.0783359 -0.0640434 -0.0715718 0.9922900
1311867290.085474 0.0332021 -0.2117528 0.2927505 -0.0846826 -0.0689142 -0.0786686 0.9909041
1311867290.753974 0.0338624 -0.2117831 0.2933954 -0.0840627 -0.0707357 -0.0750557 0.9911088
1311867290.823128 0.0314513 -0.2157480 0.2922419 -0.0855982 -0.0702536 -0.0753727 0.9909876
1311867291.488381 0.0357202 -0.2109798 0.2846154 -0.0780581 -0.0714579 -0.0751230 0.9915429
1311867292.160249 0.0350058 -0.2135945 0.2825396 -0.0774020 -0.0684616 -0.0747996 0.9918301
