1311867170.462290 -0.0000000 -0.0000000 -0.0000000 0.0000000 0.0000000 0.0000000 1.0000000
1311867170.894378 -0.0330410 -0.0299274 -0.0367037 -0.0030431 -0.0161557 -0.0033952 0.9998591
1311867171.562297 -0.0243959 -0.0411629 -0.0899898 0.0064841 -0.0032447 -0.0199183 0.9997754
1311867172.226441 -0.1014712 -0.0339214 -0.0929458 -0.0028315 -0.0278208 -0.0262393 0.9992645
1311867172.894465 -0.1772884 -0.0301246 -0.1019919 -0.0167322 -0.0314198 -0.0395231 0.9985844
1311867173.562437 -0.2296505 -0.0291134 -0.1069230 -0.0224830 -0.0399844 -0.0365111 0.9982799
1311867174.226758 -0.2860344 -0.0242214 -0.1232116 -0.0298408 -0.0432054 -0.0360630 0.9979691
1311867174.894420 -0.3378118 -0.0185409 -0.1250941 -0.0337856 -0.0520897 -0.0382665 0.9973369
1311867175.562570 -0.3974143 0.0004543 -0.1246973 -0.0464787 -0.0523575 -0.0444730 0.9965543
1311867176.226536 -0.4690360 0.0100564 -0.1331502 -0.0406354 -0.0557414 -0.0443768 0.9966305
1311867176.894955 -0.5310835 0.0282597 -0.1555882 -0.0311067 -0.0618311 -0.0503767 0.9963290
1311867177.562640 -0.5886195 0.0398518 -0.1750631 -0.0313199 -0.0717940 -0.0571797 0.9952865
1311867178.230719 -0.6383259 0.0485642 -0.1973553 -0.0301702 -0.0746074 -0.0544364 0.9952689
1311867178.895017 -0.6732028 0.0542652 -0.2026670 -0.0294117 -0.0815554 -0.0550178 0.9947144
1311867179.562761 -0.7161382 0.0559674 -0.2408684 -0.0239494 -0.0842474 -0.0573374 0.9945055
1311867180.230814 -0.7243714 0.0723653 -0.2389521 -0.0261850 -0.0875222 -0.0590549 0.9940658
1311867180.896647 -0.7006829 0.0702486 -0.2323807 -0.0275923 -0.0856132 -0.0716068 0.9933687
1311867181.563214 -0.6467437 0.0677828 -0.2207596 -0.0307544 -0.0893321 -0.0652492 0.9933864
1311867182.230774 -0.5955150 0.0542325 -0.2145287 -0.0268725 -0.0915224 -0.0545737 0.9939433
1311867182.896985 -0.5460514 0.0341259 -0.2167443 -0.0159011 -0.0757087 -0.0602424 0.9951815
1311867183.566151 -0.4908250 0.0259148 -0.2033267 -0.0192422 -0.0751282 -0.0664305 0.9947726
1311867184.230936 -0.4409840 0.0071852 -0.1867989 -0.0214621 -0.0723288 -0.0673787 0.9948708
1311867184.905521 -0.3713747 -0.0113307 -0.1717853 -0.0208709 -0.0695279 -0.0675132 0.9950740
1311867185.566669 -0.2842605 -0.0344057 -0.1278733 -0.0251733 -0.0711640 -0.0576958 0.9954764
1311867186.235893 -0.2146447 -0.0590772 -0.1019921 -0.0354341 -0.0779245 -0.0645976 0.9942331
1311867186.905187 -0.1574552 -0.0625527 -0.0899953 -0.0484815 -0.0748828 -0.0618363 0.9940917
1311867187.563217 -0.0952470 -0.0592574 -0.1027149 -0.0639123 -0.0658959 -0.0606857 0.9939266
1311867188.235201 -0.0141685 -0.0607248 -0.1316507 -0.0515159 -0.0780466 -0.0691311 0.9932148
1311867188.901620 0.0806595 -0.0528971 -0.1560818 -0.0287908 -0.0558407 -0.0504019 0.9967510
1311867189.563319 0.1666947 -0.0794057 -0.1469814 -0.0171884 -0.0510062 -0.0422446 0.9976564
1311867190.231389 0.2706380 -0.1030395 -0.1455860 -0.0221709 -0.0497389 -0.0509846 0.9972137
1311867190.899432 0.3512873 -0.1136366 -0.1336622 -0.0293379 -0.0517299 -0.0482710 0.9970623
1311867191.563639 0.4282172 -0.1309681 -0.1063000 -0.0362483 -0.0528619 -0.0549896 0.9964275
1311867192.231699 0.4714878 -0.1377712 -0.0818176 -0.0445419 -0.0556920 -0.0555898 0.9959037
1311867192.899654 0.5266047 -0.1510677 -0.0717705 -0.0433584 -0.0488972 -0.0555216 0.9963164
1311867193.563584 0.5717778 -0.1549313 -0.0630788 -0.0485378 -0.0495703 -0.0561433 0.9960094
1311867194.231549 0.6126139 -0.1553696 -0.0557733 -0.0481993 -0.0427698 -0.0559566 0.9963515
1311867194.899588 0.6225648 -0.1561139 -0.0468704 -0.0527036 -0.0430641 -0.0588963 0.9959413
1311867195.563721 0.5886989 -0.1585179 -0.0598836 -0.0502745 -0.0469833 -0.0604216 0.9957983
1311867196.231920 0.5345395 -0.1554928 -0.0585679 -0.0513606 -0.0464207 -0.0589656 0.9958565
1311867196.899715 0.4758145 -0.1490526 -0.0564731 -0.0558275 -0.0455262 -0.0568703 0.9957793
1311867197.567869 0.4100322 -0.1415896 -0.0615266 -0.0546474 -0.0448132 -0.0610765 0.9956280
1311867198.232003 0.3498511 -0.1256026 -0.0815589 -0.0555080 -0.0429636 -0.0679263 0.9952181
1311867198.899855 0.2804714 -0.1053074 -0.1095530 -0.0481464 -0.0420781 -0.0633100 0.9959434
1311867199.568266 0.2354104 -0.0817827 -0.1394570 -0.0394668 -0.0288130 -0.0495366 0.9975762
1311867200.232126 0.1631877 -0.0709076 -0.1494829 -0.0371602 -0.0375705 -0.0577457 0.9969318
1311867200.899995 0.0828638 -0.0656874 -0.1324129 -0.0411695 -0.0502153 -0.0685142 0.9955347
1311867201.568143 0.0195987 -0.0609198 -0.1347636 -0.0350313 -0.0508275 -0.0688811 0.9957132
1311867202.232375 -0.0211020 -0.0462551 -0.1425491 -0.0361057 -0.0601290 -0.0736729 0.9948131
1311867202.900343 -0.0594489 -0.0386126 -0.1506159 -0.0185857 -0.0637262 -0.0753573 0.9949446
1311867203.568287 -0.0550011 -0.0716226 -0.1571948 -0.0319942 -0.0614183 -0.0778997 0.9945531
1311867204.232436 -0.0528597 -0.1216334 -0.1791255 -0.0213118 -0.0601091 -0.0855926 0.9942870
1311867204.900224 -0.0670823 -0.1679130 -0.1772559 -0.0020392 -0.0498508 -0.0793737 0.9955956
1311867205.568369 -0.0772018 -0.2162831 -0.1547856 0.0051296 -0.0470656 -0.0654387 0.9967328
1311867206.236354 -0.0967746 -0.2718656 -0.1469216 0.0049091 -0.0487986 -0.0657309 0.9966313
1311867206.900569 -0.1040643 -0.3269428 -0.1549463 0.0051380 -0.0570269 -0.0639762 0.9963075
1311867207.568706 -0.1140165 -0.3840800 -0.1540988 0.0072838 -0.0604661 -0.0688503 0.9957663
1311867208.236561 -0.1282526 -0.4421794 -0.1542151 0.0164904 -0.0669832 -0.0729973 0.9949436
1311867208.900811 -0.1382263 -0.4782144 -0.1508304 0.0176832 -0.0705205 -0.0762402 0.9944353
1311867209.568689 -0.1558604 -0.5149638 -0.1611574 0.0264770 -0.0737593 -0.0747606 0.9941174
1311867210.236614 -0.1599284 -0.5468324 -0.1779416 0.0353548 -0.0699054 -0.0783543 0.9938430
1311867210.900724 -0.1637248 -0.5484098 -0.1867364 0.0304386 -0.0693239 -0.0800347 0.9939125
1311867211.569353 -0.1642280 -0.5370207 -0.1859627 0.0271989 -0.0679388 -0.0823260 0.9939150
1311867212.236828 -0.1548741 -0.5102285 -0.1975069 0.0351072 -0.0663167 -0.0820322 0.9938009
1311867212.900811 -0.1408381 -0.4707464 -0.2204417 0.0469652 -0.0682749 -0.0704857 0.9940646
1311867213.569042 -0.1225198 -0.4240983 -0.2335018 0.0537138 -0.0680628 -0.0652828 0.9940928
1311867214.239878 -0.1016205 -0.3780354 -0.2318616 0.0464227 -0.0554683 -0.0679086 0.9950662
1311867214.904984 -0.0873076 -0.3324411 -0.2408524 0.0479088 -0.0532122 -0.0673643 0.9951559
1311867215.569034 -0.0752074 -0.2813063 -0.2396336 0.0409832 -0.0501472 -0.0732648 0.9952075
1311867216.237023 -0.0619117 -0.2363203 -0.2391482 0.0347988 -0.0482385 -0.0723320 0.9956054
1311867216.904959 -0.0496773 -0.1996727 -0.2320144 0.0267665 -0.0477320 -0.0700917 0.9960383
1311867217.569154 -0.0432686 -0.1679384 -0.2325961 0.0205984 -0.0468040 -0.0725718 0.9960514
1311867218.237244 -0.0358218 -0.1297431 -0.2260311 0.0112477 -0.0500792 -0.0678807 0.9963723
1311867218.905486 -0.0449200 -0.0984087 -0.2221234 0.0056277 -0.0472121 -0.0771999 0.9958813
1311867219.574333 -0.0363707 -0.0703353 -0.2130882 -0.0100795 -0.0457577 -0.0740148 0.9961559
1311867220.242193 -0.0225441 -0.0419298 -0.2111204 -0.0195495 -0.0403410 -0.0743406 0.9962248
1311867220.907590 -0.0147100 -0.0154226 -0.2152739 -0.0217274 -0.0391697 -0.0723265 0.9963747
1311867221.571272 0.0044752 0.0184658 -0.2206948 -0.0192011 -0.0448951 -0.0733853 0.9961076
1311867222.240073 -0.0050149 0.0751400 -0.2484695 -0.0255175 -0.0400620 -0.0779558 0.9958247
1311867222.908232 -0.0048372 0.1171102 -0.2271246 -0.0417098 -0.0531760 -0.0693864 0.9952980
1311867223.575919 -0.0185037 0.1532700 -0.2204790 -0.0474153 -0.0533236 -0.0577814 0.9957759
1311867224.237792 -0.0143875 0.2010227 -0.2358444 -0.0513302 -0.0430383 -0.0565629 0.9961494
1311867224.905651 -0.0128488 0.2476111 -0.2473610 -0.0340912 -0.0366245 -0.0615673 0.9968480
1311867225.573788 -0.0224209 0.2928680 -0.2441986 -0.0241725 -0.0322885 -0.0528426 0.9977880
1311867226.237839 -0.0357068 0.3358628 -0.2659400 -0.0083481 -0.0444736 -0.0582171 0.9972779
1311867226.905774 -0.0383820 0.3798552 -0.2782772 -0.0125723 -0.0459648 -0.0546382 0.9973685
1311867227.573742 -0.0450245 0.4082142 -0.2813149 -0.0161352 -0.0425598 -0.0556003 0.9974151
1311867228.237933 -0.0396453 0.4480947 -0.2742906 -0.0215022 -0.0398797 -0.0532037 0.9975553
1311867228.906015 -0.0435881 0.4329902 -0.2857006 -0.0134659 -0.0399346 -0.0559733 0.9975424
1311867229.573925 -0.0471710 0.3789142 -0.2989987 -0.0015414 -0.0459130 -0.0450511 0.9979278
1311867230.238178 -0.0520366 0.3345522 -0.3126637 0.0139067 -0.0497451 -0.0509959 0.9973623
1311867230.905947 -0.0618798 0.3066492 -0.3262701 0.0179662 -0.0534973 -0.0449146 0.9973956
1311867231.574153 -0.0724503 0.2714778 -0.3356277 0.0205978 -0.0545725 -0.0431911 0.9973626
1311867232.241970 -0.0746493 0.2383440 -0.3478703 0.0219381 -0.0571454 -0.0426171 0.9972146
1311867232.906135 -0.0755361 0.2001230 -0.3536403 0.0245854 -0.0626394 -0.0423452 0.9968343
1311867233.574217 -0.0738846 0.1569115 -0.3582147 0.0317782 -0.0659969 -0.0430284 0.9963850
1311867234.242292 -0.0816775 0.1251208 -0.3605171 0.0391905 -0.0673221 -0.0513753 0.9956366
1311867234.906187 -0.0873967 0.1079396 -0.3435568 0.0349718 -0.0724028 -0.0410296 0.9959174
1311867235.574193 -0.0969914 0.0948663 -0.3341883 0.0379677 -0.0672660 -0.0447609 0.9960071
1311867236.242343 -0.1082512 0.0882968 -0.3145179 0.0399612 -0.0623316 -0.0479676 0.9961008
1311867236.906286 -0.1111742 0.0798124 -0.2642943 0.0303251 -0.0580924 -0.0500281 0.9965956
1311867237.574303 -0.1249280 0.0793170 -0.2106924 0.0219020 -0.0592562 -0.0545091 0.9965128
1311867238.242454 -0.1229132 0.0731453 -0.1454975 0.0126844 -0.0583191 -0.0556265 0.9966663
1311867238.906451 -0.1122166 0.0505568 -0.0658936 0.0037550 -0.0579150 -0.0557051 0.9967591
1311867239.574603 -0.0965990 0.0172089 0.0283468 0.0057039 -0.0587265 -0.0533323 0.9968321
1311867240.242433 -0.0697720 -0.0056295 0.1147070 -0.0094315 -0.0653233 -0.0509275 0.9965191
1311867240.906548 -0.0846017 -0.0102121 0.1685825 -0.0122910 -0.0764476 -0.0611916 0.9951182
1311867241.574823 -0.1041396 -0.0044894 0.2310359 -0.0138078 -0.0747738 -0.0627332 0.9951295
1311867242.242719 -0.1189758 -0.0024281 0.2688006 -0.0254377 -0.0739119 -0.0616633 0.9950315
1311867242.910777 -0.1352260 -0.0002817 0.3143671 -0.0231284 -0.0531133 -0.0600214 0.9965147
1311867243.574697 -0.1465429 -0.0114148 0.3673233 -0.0347413 -0.0478277 -0.0523095 0.9968798
1311867244.242837 -0.1453092 -0.0207071 0.4161922 -0.0436652 -0.0407858 -0.0501469 0.9969530
1311867244.910805 -0.1502982 -0.0235588 0.4814463 -0.0536453 -0.0304032 -0.0479111 0.9969465
1311867245.574941 -0.1547599 -0.0198532 0.5409251 -0.0624751 -0.0256977 -0.0471664 0.9966002
1311867246.242940 -0.1637885 -0.0181915 0.5926991 -0.0736473 -0.0263207 -0.0583008 0.9952308
1311867246.911155 -0.0319628 0.0327528 0.7981800 -0.0606895 -0.0890290 -0.0479942 0.9930192
1311867247.575121 -0.1250563 -0.0120877 0.6706724 -0.0680294 -0.0467515 -0.0552406 0.9950551
1311867248.243143 -0.1672997 -0.0330104 0.5505664 -0.0548722 -0.0212627 -0.0629971 0.9962772
1311867248.911170 -0.1536711 -0.0242754 0.4805497 -0.0547668 -0.0236825 -0.0586452 0.9964941
1311867249.575910 -0.1272222 -0.0202376 0.3956047 -0.0457334 -0.0179383 -0.0613318 0.9969078
1311867250.245669 -0.1132349 -0.0079011 0.3190629 -0.0431483 -0.0240244 -0.0594655 0.9970080
1311867250.911636 -0.1087409 -0.0040440 0.2509183 -0.0386847 -0.0210099 -0.0585846 0.9973114
1311867251.579534 -0.0636150 -0.0104784 0.2098438 -0.0365524 -0.0376114 -0.0561002 0.9970467
1311867252.243281 -0.0745479 -0.0102667 0.1389877 -0.0372127 -0.0372080 -0.0593601 0.9968486
1311867252.911219 -0.0907326 0.0176960 0.0788255 -0.0161683 -0.0490923 -0.0548986 0.9971533
1311867253.579407 -0.0467456 -0.0379123 -0.0228195 -0.0341984 -0.0603211 -0.0583668 0.9958841
1311867254.246904 -0.0637617 -0.0657338 -0.1194890 -0.0215264 -0.0639490 -0.0591312 0.9959672
1311867254.913881 -0.0761231 -0.0517421 -0.2286806 -0.0132170 -0.0618436 -0.0601066 0.9961867
1311867255.579442 -0.0659422 -0.0457097 -0.3092060 0.0011021 -0.0546381 -0.0601900 0.9966899
1311867256.245462 -0.0713179 -0.0422459 -0.3944428 -0.0030070 -0.0614848 -0.0663988 0.9958925
1311867256.914798 -0.0758548 -0.0560827 -0.4908503 0.0038136 -0.0794482 -0.0584618 0.9951159
1311867257.583609 -0.0628112 -0.0478621 -0.5837093 0.0061420 -0.0552845 -0.0656177 0.9962932
1311867258.243624 -0.0452767 -0.0513171 -0.6348647 0.0088807 -0.0479518 -0.0547405 0.9973090
1311867258.911750 -0.0333734 -0.0711325 -0.6734814 0.0124939 -0.0560624 -0.0623963 0.9963973
1311867259.582216 0.0086070 -0.0860019 -0.7537411 0.0320597 -0.0611073 -0.0567964 0.9959981
1311867260.249637 0.0257410 -0.0739503 -0.8356246 0.0270718 -0.0519726 -0.0555854 0.9967328
1311867260.912017 0.0510402 -0.0644752 -0.9212335 0.0277998 -0.0478116 -0.0558334 0.9969072
1311867261.579903 0.0445888 -0.0838726 -1.0041792 0.0448678 -0.0461228 -0.0561302 0.9963478
1311867262.247855 0.0460252 -0.0493226 -1.0948921 0.0422776 -0.0414956 -0.0513887 0.9969202
1311867262.912008 0.0580003 -0.0185963 -1.2144483 0.0546021 -0.0316532 -0.0422050 0.9971135
1311867263.580059 0.0673591 -0.0077806 -1.2935642 0.0739717 -0.0371368 -0.0589406 0.9948241
1311867264.248024 0.1036860 0.0085004 -1.3763243 0.0713010 -0.0401530 -0.0634195 0.9946265
1311867264.912230 0.1144706 0.0219136 -1.4347928 0.0806617 -0.0619207 -0.0728916 0.9921423
1311867265.580223 0.1242192 0.0236030 -1.4779226 0.0937888 -0.0524906 -0.0605811 0.9923599
1311867266.248205 0.1248549 0.0381411 -1.5173671 0.0971595 -0.0515734 -0.0511335 0.9926155
1311867266.912179 0.1173297 0.0389466 -1.5415765 0.1123486 -0.0512595 -0.0547322 0.9908353
1311867267.580291 0.1086725 0.0242678 -1.5139518 0.0908416 -0.0429582 -0.0585080 0.9932166
1311867268.248305 0.0928818 0.0092983 -1.4602935 0.0825988 -0.0398445 -0.0585398 0.9940639
1311867268.916457 0.0613046 -0.0047595 -1.3891622 0.0751488 -0.0344309 -0.0596993 0.9947880
1311867269.580494 0.0271865 -0.0090611 -1.2925843 0.0536563 -0.0295235 -0.0569248 0.9964983
1311867270.248393 0.0025508 -0.0277309 -1.2211097 0.0353209 -0.0214123 -0.0604712 0.9973150
1311867270.916494 0.0057330 -0.0562867 -1.1439202 0.0247469 -0.0208020 -0.0630823 0.9974846
1311867271.580572 0.0142648 -0.0918884 -1.0708336 0.0248186 -0.0274360 -0.0591205 0.9975650
1311867272.248840 0.0127941 -0.1349940 -0.9357120 0.0150049 -0.0357499 -0.0624362 0.9972956
1311867272.916603 0.0281625 -0.1561739 -0.8499290 0.0123401 -0.0466793 -0.0694085 0.9964192
1311867273.580631 0.0627723 -0.1554941 -0.7837705 0.0054740 -0.0492653 -0.0659908 0.9965883
1311867274.248965 0.0470008 -0.1670208 -0.6768695 -0.0063387 -0.0431493 -0.0709153 0.9965284
1311867274.916628 0.0179757 -0.1987364 -0.5716955 0.0113903 -0.0409089 -0.0668021 0.9968622
1311867275.580874 -0.0134046 -0.2127627 -0.4601982 0.0027682 -0.0346435 -0.0685724 0.9970406
1311867276.248954 -0.0565199 -0.2206572 -0.3683401 -0.0052008 -0.0324406 -0.0667055 0.9972317
1311867276.916961 -0.0839318 -0.2328296 -0.3007625 -0.0140701 -0.0226416 -0.0603296 0.9978225
1311867277.580920 -0.0997302 -0.2316849 -0.2147545 -0.0214996 -0.0269066 -0.0584456 0.9976963
1311867278.248940 -0.0891801 -0.2419339 -0.1191176 -0.0097591 -0.0264926 -0.0521325 0.9982410
1311867278.916959 -0.0775384 -0.2375779 -0.0301909 0.0149211 -0.0422044 -0.0552939 0.9974661
1311867279.585000 -0.0832318 -0.2401894 0.0594883 -0.0040803 -0.0469070 -0.0642756 0.9968208
1311867280.249139 -0.0705677 -0.2325428 0.1402831 -0.0249045 -0.0379580 -0.0572234 0.9973286
1311867280.917146 -0.0678029 -0.2289402 0.2158580 -0.0546638 -0.0251487 -0.0622163 0.9962472
1311867281.585193 -0.0550146 -0.2288511 0.2859326 -0.0769917 -0.0262924 -0.0633771 0.9946679
1311867282.253156 -0.0305196 -0.2316336 0.3337249 -0.0817565 -0.0371287 -0.0500526 0.9947020
1311867282.917314 -0.0261666 -0.2359515 0.3742310 -0.0824434 -0.0406678 -0.0566293 0.9941541
1311867283.585388 -0.0275431 -0.2396663 0.3999873 -0.0792733 -0.0404958 -0.0594598 0.9942537
1311867284.249431 -0.0367092 -0.2277893 0.4129571 -0.0813532 -0.0387727 -0.0573265 0.9942797
1311867284.917461 -0.0297488 -0.2213632 0.4241442 -0.0870105 -0.0403156 -0.0549670 0.9938725
1311867285.585574 -0.0346160 -0.2257435 0.4156918 -0.0830187 -0.0420137 -0.0578902 0.9939776
1311867286.252521 -0.0434339 -0.2253334 0.4236017 -0.0810058 -0.0421555 -0.0620106 0.9938892
1311867286.917438 -0.0373259 -0.2250919 0.4268054 -0.0741539 -0.0537730 -0.0642992 0.9937179
1311867287.586854 -0.0365442 -0.2233708 0.4258957 -0.0765723 -0.0543839 -0.0639183 0.9935258
1311867288.253581 -0.0279505 -0.2280329 0.4254531 -0.0737329 -0.0502888 -0.0623373 0.9940566
1311867288.917612 -0.0389423 -0.2264830 0.4204773 -0.0737842 -0.0442094 -0.0647359 0.9941884
1311867289.585613 -0.0437128 -0.2280657 0.4232620 -0.0762699 -0.0454985 -0.0649422 0.9939292
1311867290.254027 -0.0469977 -0.2238403 0.4346195 -0.0804336 -0.0473577 -0.0653410 0.9934879
1311867290.922693 -0.0501309 -0.2280122 0.4292400 -0.0781277 -0.0491668 -0.0662280 0.9935253
1311867291.589498 -0.0385724 -0.2290112 0.4190819 -0.0747049 -0.0539943 -0.0661879 0.9935406
1311867292.257685 -0.0396588 -0.2305474 0.4206280 -0.0733212 -0.0505100 -0.0649272 0.9939101
