1311867170.462290 -0.0000000 -0.0000000 -0.0000000 0.0000000 0.0000000 0.0000000 1.0000000
1311867170.826282 -0.0062061 -0.0809664 -0.0738590 -0.0231200 -0.0208245 -0.0046557 0.9995049
1311867171.494404 0.0148068 -0.0996667 -0.1327083 -0.0082551 -0.0085646 -0.0209078 0.9997106
1311867172.162335 -0.0540007 -0.0991005 -0.1426571 -0.0156283 -0.0346687 -0.0286554 0.9988657
1311867172.826309 -0.1252244 -0.0988481 -0.1477264 -0.0331347 -0.0427570 -0.0395040 0.9977542
1311867173.494339 -0.1726832 -0.0994429 -0.1582350 -0.0389242 -0.0561195 -0.0355328 0.9970321
1311867174.162433 -0.2356918 -0.0890967 -0.1783184 -0.0418735 -0.0580802 -0.0369881 0.9967473
1311867174.827330 -0.2801177 -0.0883119 -0.1732570 -0.0509718 -0.0681856 -0.0378228 0.9956515
1311867175.494573 -0.3310756 -0.0762586 -0.1760919 -0.0640379 -0.0747739 -0.0415196 0.9942757
1311867176.162590 -0.4123453 -0.0669955 -0.1876252 -0.0618758 -0.0805165 -0.0403835 0.9940109
1311867176.826677 -0.4501610 -0.0610751 -0.2229954 -0.0522895 -0.0887913 -0.0471768 0.9935574
1311867177.494643 -0.5140384 -0.0646071 -0.2501801 -0.0547685 -0.0976920 -0.0554272 0.9921616
1311867178.162747 -0.5642368 -0.0359444 -0.2602299 -0.0495888 -0.1001940 -0.0533491 0.9922983
1311867178.830950 -0.6118567 -0.0307862 -0.2835157 -0.0511059 -0.1097452 -0.0518810 0.9912883
1311867179.494947 -0.6387581 -0.0283766 -0.3089966 -0.0415969 -0.1138319 -0.0481496 0.9914603
1311867180.163680 -0.6462937 -0.0194558 -0.3111286 -0.0495182 -0.1252257 -0.0530746 0.9894693
1311867180.830924 -0.6240155 -0.0272909 -0.3193678 -0.0503816 -0.1169910 -0.0652629 0.9897048
1311867181.496340 -0.5728753 -0.0253625 -0.3035337 -0.0530709 -0.1198867 -0.0618596 0.9894362
1311867182.162992 -0.5318171 -0.0341788 -0.2871363 -0.0486124 -0.1189231 -0.0517881 0.9903596
1311867182.830690 -0.4763536 -0.0607039 -0.2864875 -0.0368931 -0.1014382 -0.0582585 0.9924490
1311867183.498828 -0.4264001 -0.0728909 -0.2755909 -0.0418120 -0.1012899 -0.0615049 0.9920732
1311867184.165054 -0.3799865 -0.0819631 -0.2502324 -0.0405023 -0.0959876 -0.0639890 0.9924976
1311867184.834825 -0.3008592 -0.0924542 -0.2325129 -0.0394865 -0.0945275 -0.0639049 0.9926840
1311867185.500623 -0.2205921 -0.1100434 -0.1812024 -0.0418942 -0.0934689 -0.0554887 0.9931915
1311867186.164936 -0.1608972 -0.1287940 -0.1482374 -0.0505059 -0.0943189 -0.0637712 0.9922128
1311867186.834068 -0.1078695 -0.1356193 -0.1315213 -0.0617576 -0.0930717 -0.0643178 0.9916586
1311867187.505626 -0.0512908 -0.1291192 -0.1419730 -0.0795115 -0.0793926 -0.0602732 0.9918376
1311867188.163360 0.0246597 -0.1359325 -0.1745036 -0.0733939 -0.0871864 -0.0694243 0.9910560
1311867188.831350 0.1156725 -0.1251068 -0.1963023 -0.0477379 -0.0695217 -0.0543946 0.9949518
1311867189.505937 0.1995624 -0.1414474 -0.1923071 -0.0334121 -0.0550654 -0.0423937 0.9970227
1311867190.163525 0.3067780 -0.1681459 -0.1867913 -0.0409064 -0.0527707 -0.0513445 0.9964465
1311867190.831710 0.3765024 -0.1729598 -0.1823083 -0.0421748 -0.0508901 -0.0486843 0.9966249
1311867191.499653 0.4522089 -0.1947981 -0.1575142 -0.0487262 -0.0493870 -0.0565298 0.9959875
1311867192.163516 0.4961814 -0.1968700 -0.1295832 -0.0560113 -0.0517515 -0.0575558 0.9954255
1311867192.831693 0.5556885 -0.2152095 -0.1081757 -0.0540545 -0.0448069 -0.0564841 0.9959317
1311867193.499549 0.5988331 -0.2250892 -0.1079582 -0.0622378 -0.0452691 -0.0587684 0.9953007
1311867194.163586 0.6415325 -0.2350647 -0.1204653 -0.0641900 -0.0358285 -0.0597613 0.9955022
1311867194.831891 0.6634280 -0.2265007 -0.1057944 -0.0654131 -0.0387489 -0.0618880 0.9951832
1311867195.499861 0.6294343 -0.2208138 -0.1021104 -0.0630780 -0.0419492 -0.0622666 0.9951805
1311867196.167747 0.5716898 -0.2142918 -0.1001404 -0.0630319 -0.0424438 -0.0594103 0.9953371
1311867196.831867 0.5165282 -0.2037826 -0.0920435 -0.0660663 -0.0419655 -0.0570990 0.9952958
1311867197.499995 0.4380130 -0.2110281 -0.1025366 -0.0680035 -0.0407239 -0.0633288 0.9948400
1311867198.167952 0.3792498 -0.1896638 -0.1228725 -0.0685423 -0.0398607 -0.0697209 0.9944104
1311867198.831953 0.3135759 -0.1696607 -0.1517965 -0.0606307 -0.0434546 -0.0662601 0.9950101
1311867199.500181 0.2688124 -0.1489868 -0.1867487 -0.0538921 -0.0292179 -0.0507879 0.9968262
1311867200.168054 0.2014070 -0.1418157 -0.1952704 -0.0517613 -0.0398084 -0.0581162 0.9961720
1311867200.832137 0.1355495 -0.1339202 -0.1840709 -0.0548946 -0.0576753 -0.0682328 0.9944870
1311867201.500087 0.0704342 -0.1275457 -0.1852191 -0.0483570 -0.0566590 -0.0680812 0.9948951
1311867202.168279 0.0233337 -0.1106426 -0.1924432 -0.0502740 -0.0678915 -0.0741227 0.9936644
1311867202.832371 -0.0125563 -0.1156059 -0.2010202 -0.0368513 -0.0707461 -0.0744708 0.9940277
1311867203.500494 -0.0051282 -0.1371137 -0.2034923 -0.0481324 -0.0722617 -0.0751482 0.9933853
1311867204.168262 -0.0103315 -0.1878242 -0.2216916 -0.0390622 -0.0700312 -0.0865998 0.9930107
1311867204.832496 -0.0135720 -0.2245076 -0.2279007 -0.0128609 -0.0626466 -0.0803984 0.9947091
1311867205.500259 -0.0286445 -0.2799216 -0.2027085 -0.0068017 -0.0563070 -0.0661425 0.9961970
1311867206.168280 -0.0544260 -0.3249087 -0.1912595 -0.0028657 -0.0573142 -0.0659149 0.9961737
1311867206.836416 -0.0572603 -0.3738734 -0.1996619 -0.0010896 -0.0680935 -0.0622462 0.9957346
1311867207.500601 -0.0634283 -0.4307289 -0.2022024 0.0021356 -0.0730345 -0.0651996 0.9951937
1311867208.168683 -0.0633050 -0.4820490 -0.2009650 0.0128838 -0.0809009 -0.0696581 0.9942016
1311867208.836883 -0.0742642 -0.5114039 -0.1926942 0.0186044 -0.0837729 -0.0724874 0.9936707
1311867209.501113 -0.0904332 -0.5548813 -0.2044462 0.0263483 -0.0860617 -0.0729474 0.9932662
1311867210.168673 -0.0858721 -0.5951179 -0.2325149 0.0326742 -0.0850002 -0.0731335 0.9931560
1311867210.836863 -0.1006905 -0.5923018 -0.2354595 0.0314709 -0.0833477 -0.0763992 0.9930891
1311867211.500750 -0.1071901 -0.5969609 -0.2370617 0.0239397 -0.0811998 -0.0778127 0.9933673
1311867212.168899 -0.0951087 -0.5684232 -0.2451773 0.0325739 -0.0794341 -0.0801287 0.9930803
1311867212.837870 -0.0848235 -0.5298263 -0.2601556 0.0401497 -0.0808024 -0.0682281 0.9935814
1311867213.500997 -0.0659196 -0.4926449 -0.2896558 0.0486986 -0.0791870 -0.0618993 0.9937436
1311867214.169647 -0.0485744 -0.4510388 -0.2775710 0.0379154 -0.0681990 -0.0668006 0.9947105
1311867214.836918 -0.0373851 -0.4116949 -0.2925970 0.0385563 -0.0645508 -0.0665495 0.9949461
1311867215.504980 -0.0217773 -0.3551940 -0.2899126 0.0303712 -0.0621445 -0.0719857 0.9950044
1311867216.169209 -0.0154183 -0.3143190 -0.2922405 0.0250707 -0.0600179 -0.0718318 0.9952937
1311867216.837963 -0.0103661 -0.2765013 -0.2780594 0.0129648 -0.0565773 -0.0701354 0.9958473
1311867217.505032 -0.0034237 -0.2430722 -0.2797013 0.0086079 -0.0561621 -0.0729404 0.9957166
1311867218.171201 0.0030077 -0.2064045 -0.2769066 -0.0024383 -0.0588258 -0.0671276 0.9960058
1311867218.837996 0.0023177 -0.1789658 -0.2744603 -0.0092573 -0.0570055 -0.0773778 0.9953278
1311867219.505156 0.0090513 -0.1483366 -0.2654681 -0.0241673 -0.0561441 -0.0746684 0.9953333
1311867220.171409 0.0206095 -0.1155188 -0.2626773 -0.0335861 -0.0492451 -0.0741660 0.9954628
1311867220.841417 0.0336179 -0.0896471 -0.2688918 -0.0375101 -0.0496836 -0.0727005 0.9954091
1311867221.508153 0.0561631 -0.0652070 -0.2736361 -0.0371072 -0.0582351 -0.0763138 0.9946898
1311867222.169399 0.0456248 -0.0105458 -0.3058945 -0.0402029 -0.0495782 -0.0768940 0.9949940
1311867222.840258 0.0436087 0.0339623 -0.2858033 -0.0628799 -0.0624721 -0.0724289 0.9934271
1311867223.507732 0.0371215 0.0690369 -0.2778336 -0.0693173 -0.0647362 -0.0591887 0.9937308
1311867224.176888 0.0451661 0.1104060 -0.2934322 -0.0757692 -0.0571004 -0.0579261 0.9938024
1311867224.837824 0.0447716 0.1589406 -0.3134399 -0.0570321 -0.0493296 -0.0626959 0.9951800
1311867225.505610 0.0483903 0.1987811 -0.3105805 -0.0530191 -0.0466997 -0.0544354 0.9960145
1311867226.173782 0.0358348 0.2309977 -0.3393447 -0.0385745 -0.0600673 -0.0594680 0.9956744
1311867226.837753 0.0354936 0.2707060 -0.3566825 -0.0436364 -0.0616805 -0.0553490 0.9956043
1311867227.505780 0.0296669 0.3096238 -0.3590669 -0.0461180 -0.0590490 -0.0572538 0.9955443
1311867228.173814 0.0349123 0.3472307 -0.3541508 -0.0529229 -0.0566430 -0.0550031 0.9954724
1311867228.838559 0.0328910 0.3362581 -0.3689542 -0.0451476 -0.0570985 -0.0570872 0.9957120
1311867229.505914 0.0289265 0.2757960 -0.3791783 -0.0365936 -0.0612837 -0.0453872 0.9964162
1311867230.173877 0.0232762 0.2356149 -0.3882959 -0.0163320 -0.0663005 -0.0508575 0.9963689
1311867230.838169 0.0168005 0.2047836 -0.4002953 -0.0097690 -0.0706823 -0.0445022 0.9964578
1311867231.505980 0.0018663 0.1743301 -0.4093281 -0.0057391 -0.0705873 -0.0438121 0.9965265
1311867232.173947 0.0032461 0.1451042 -0.4198596 -0.0052024 -0.0729312 -0.0418342 0.9964456
1311867232.842129 -0.0003982 0.1138128 -0.4230472 -0.0008328 -0.0783846 -0.0402822 0.9961087
1311867233.506601 0.0004306 0.0701058 -0.4265776 0.0075908 -0.0823612 -0.0409086 0.9957336
1311867234.174383 -0.0084002 0.0380027 -0.4280062 0.0148676 -0.0830490 -0.0477944 0.9952877
1311867234.842326 -0.0197793 0.0164423 -0.4111958 0.0141976 -0.0887595 -0.0406270 0.9951229
1311867235.506159 -0.0216856 0.0057697 -0.4045605 0.0172678 -0.0845011 -0.0430883 0.9953415
1311867236.174242 -0.0288381 -0.0007358 -0.3826721 0.0183274 -0.0795269 -0.0448080 0.9956565
1311867236.842397 -0.0380685 -0.0049620 -0.3310214 0.0096503 -0.0758904 -0.0483413 0.9958969
1311867237.506364 -0.0541796 -0.0129020 -0.2747427 -0.0019983 -0.0774231 -0.0525551 0.9956102
1311867238.174577 -0.0549904 -0.0219637 -0.2071346 -0.0104191 -0.0756470 -0.0568359 0.9954590
1311867238.842541 -0.0677284 -0.0286406 -0.1243994 -0.0151359 -0.0699055 -0.0564713 0.9958389
1311867239.506556 -0.0460413 -0.0658485 -0.0133417 -0.0175718 -0.0743794 -0.0535259 0.9956374
1311867240.174466 -0.0651869 -0.0594547 0.0663192 -0.0249579 -0.0672324 -0.0525064 0.9960422
1311867240.842940 -0.0657911 -0.0679612 0.1250458 -0.0268542 -0.0806273 -0.0613914 0.9944894
1311867241.510751 -0.0958175 -0.0688524 0.1887146 -0.0323466 -0.0756662 -0.0648566 0.9944958
1311867242.174884 -0.1168267 -0.0639613 0.2315792 -0.0441980 -0.0758759 -0.0637101 0.9940978
1311867242.842725 -0.1232364 -0.0703880 0.2790436 -0.0449769 -0.0605339 -0.0603369 0.9953251
1311867243.510986 -0.1527169 -0.0788466 0.3324000 -0.0559691 -0.0490132 -0.0533167 0.9958025
1311867244.174960 -0.1382337 -0.0745850 0.4133996 -0.0611756 -0.0452168 -0.0499826 0.9958487
1311867244.842820 -0.1035659 -0.0727058 0.4865494 -0.0705590 -0.0495887 -0.0432580 0.9953347
1311867245.510882 -0.1244193 -0.0623453 0.5467992 -0.0760443 -0.0384621 -0.0459260 0.9953033
1311867246.174981 -0.1150378 -0.0490805 0.6176053 -0.0831350 -0.0472108 -0.0512778 0.9940977
1311867246.843092 -0.1172911 -0.0410453 0.6712341 -0.0928056 -0.0453188 -0.0509511 0.9933465
1311867247.511045 -0.1230091 -0.0498544 0.6704012 -0.0864081 -0.0490286 -0.0529725 0.9936417
1311867248.175750 -0.1312751 -0.0655059 0.5752302 -0.0688065 -0.0364785 -0.0624485 0.9950051
1311867248.843319 -0.1263249 -0.0554304 0.5049313 -0.0669180 -0.0358708 -0.0585681 0.9953919
1311867249.511134 -0.0905612 -0.0799586 0.4249171 -0.0661646 -0.0329775 -0.0577050 0.9955927
1311867250.175891 -0.0859593 -0.0876929 0.3041579 -0.0687719 -0.0335993 -0.0576965 0.9953957
1311867250.843347 -0.0654762 -0.0785877 0.2360058 -0.0634345 -0.0344519 -0.0560925 0.9958126
1311867251.513641 -0.0593233 -0.0800026 0.1758182 -0.0576256 -0.0398496 -0.0556862 0.9959871
1311867252.179436 -0.0566128 -0.0809596 0.1129137 -0.0579681 -0.0423582 -0.0583094 0.9957135
1311867252.843319 -0.0565300 -0.0829698 0.0255888 -0.0412011 -0.0569139 -0.0565362 0.9959252
1311867253.511374 -0.0194815 -0.0925729 -0.0629557 -0.0481563 -0.0687390 -0.0569978 0.9948403
1311867254.179513 -0.0229230 -0.1402405 -0.1563606 -0.0424057 -0.0779350 -0.0579726 0.9943677
1311867254.848265 -0.0280277 -0.1299239 -0.2718770 -0.0307539 -0.0741312 -0.0594359 0.9950005
1311867255.515585 -0.0105242 -0.1231404 -0.3609374 -0.0160942 -0.0694006 -0.0597667 0.9956668
1311867256.179506 -0.0123598 -0.1221303 -0.4485343 -0.0206743 -0.0705914 -0.0635377 0.9952649
1311867256.847722 -0.0122133 -0.1367327 -0.5476356 -0.0158916 -0.0905048 -0.0574326 0.9941116
1311867257.516611 0.0102870 -0.1303636 -0.6517635 -0.0081202 -0.0745802 -0.0653390 0.9950390
1311867258.184833 0.0300489 -0.1356956 -0.7136589 -0.0071428 -0.0619701 -0.0557100 0.9964964
1311867258.843893 0.0416525 -0.1542403 -0.7507025 -0.0016059 -0.0712058 -0.0594823 0.9956852
1311867259.511730 0.0764495 -0.1768087 -0.8299633 0.0128097 -0.0725614 -0.0562847 0.9956921
1311867260.179934 0.1000045 -0.1620267 -0.9189717 0.0109622 -0.0647052 -0.0559694 0.9962733
1311867260.851416 0.1253234 -0.1545928 -1.0117440 0.0098731 -0.0589239 -0.0550298 0.9966956
1311867261.512250 0.1310009 -0.1774478 -1.1108130 0.0321610 -0.0600392 -0.0560336 0.9961030
1311867262.180119 0.1316719 -0.1469219 -1.1960747 0.0261610 -0.0544354 -0.0513804 0.9968513
1311867262.847972 0.1488750 -0.1204142 -1.3320153 0.0378243 -0.0452751 -0.0436077 0.9973053
1311867263.511993 0.1600469 -0.1126654 -1.4133108 0.0586767 -0.0498769 -0.0577218 0.9953580
1311867264.180145 0.2080836 -0.0898872 -1.5031737 0.0572981 -0.0524049 -0.0617689 0.9950655
1311867264.848189 0.2152175 -0.0847443 -1.5656900 0.0659339 -0.0738400 -0.0724582 0.9924465
1311867265.512277 0.2374041 -0.0785504 -1.6163796 0.0781095 -0.0662196 -0.0618036 0.9928213
1311867266.180282 0.2526120 -0.0743478 -1.6705319 0.0804305 -0.0654547 -0.0501697 0.9933426
1311867266.848160 0.2398867 -0.0768644 -1.6975033 0.0985228 -0.0665921 -0.0532281 0.9914764
1311867267.512328 0.2276165 -0.0818394 -1.6736320 0.0775291 -0.0596180 -0.0577011 0.9935319
1311867268.180509 0.2154631 -0.0936347 -1.6174260 0.0694797 -0.0557761 -0.0561983 0.9944362
1311867268.848629 0.1715474 -0.1143464 -1.5329423 0.0613416 -0.0484223 -0.0596849 0.9951534
1311867269.516521 0.1317272 -0.1206237 -1.4383372 0.0417987 -0.0438290 -0.0560588 0.9965888
1311867270.180528 0.1009275 -0.1265547 -1.3581321 0.0228683 -0.0350730 -0.0603441 0.9972991
1311867270.848467 0.0964578 -0.1495642 -1.2740769 0.0112506 -0.0342495 -0.0621991 0.9974125
1311867271.516531 0.0997168 -0.1837281 -1.1921811 0.0091075 -0.0388816 -0.0589170 0.9974638
1311867272.180820 0.0832225 -0.2241690 -1.0412846 -0.0000626 -0.0472770 -0.0611642 0.9970074
1311867272.848505 0.0916106 -0.2485915 -0.9490722 -0.0012420 -0.0556858 -0.0695485 0.9960223
1311867273.516690 0.1317855 -0.2473617 -0.8879614 -0.0045888 -0.0634090 -0.0676966 0.9956784
1311867274.180919 0.1148639 -0.2591500 -0.7710289 -0.0236321 -0.0520012 -0.0692916 0.9959599
1311867274.848794 0.0749508 -0.2886487 -0.6558667 -0.0045814 -0.0491803 -0.0671935 0.9965166
1311867275.516817 0.0394471 -0.2969980 -0.5365389 -0.0098609 -0.0440121 -0.0689169 0.9966023
1311867276.180826 -0.0052873 -0.3063130 -0.4327165 -0.0176669 -0.0432831 -0.0690841 0.9965149
1311867276.849154 -0.0397096 -0.3159709 -0.3558480 -0.0284016 -0.0307418 -0.0603481 0.9972996
1311867277.517078 -0.0693130 -0.3116063 -0.2632673 -0.0372381 -0.0324570 -0.0620033 0.9968528
1311867278.184865 -0.0569139 -0.3119404 -0.1696498 -0.0253009 -0.0331580 -0.0541753 0.9976600
1311867278.848909 -0.0504168 -0.3192074 -0.0634188 -0.0011640 -0.0503394 -0.0578914 0.9970523
1311867279.517352 -0.0529112 -0.3033260 0.0243697 -0.0160370 -0.0533469 -0.0653825 0.9963042
1311867280.185202 -0.0484522 -0.2934465 0.1160857 -0.0356587 -0.0456278 -0.0595089 0.9965466
1311867280.849336 -0.0481841 -0.2890387 0.1918544 -0.0647478 -0.0308479 -0.0643783 0.9953449
1311867281.517167 -0.0391506 -0.2827210 0.2673810 -0.0887443 -0.0290430 -0.0659141 0.9934467
1311867282.188493 -0.0254602 -0.2830815 0.3208093 -0.0920060 -0.0367415 -0.0536960 0.9936306
1311867282.849193 -0.0204868 -0.2794382 0.3644974 -0.0891590 -0.0391238 -0.0600200 0.9934373
1311867283.517216 -0.0213125 -0.2825492 0.3949801 -0.0890027 -0.0414159 -0.0640779 0.9931049
1311867284.187489 -0.0337264 -0.2697459 0.4104464 -0.0887147 -0.0384621 -0.0613294 0.9934229
1311867284.849277 -0.0192866 -0.2595037 0.4204620 -0.0939958 -0.0408616 -0.0584302 0.9930161
1311867285.517648 -0.0291814 -0.2719401 0.4114161 -0.0919549 -0.0429090 -0.0623306 0.9928837
1311867286.185759 -0.0382853 -0.2678962 0.4198951 -0.0895990 -0.0414099 -0.0661977 0.9929124
1311867286.853582 -0.0371087 -0.2623181 0.4266460 -0.0818490 -0.0497197 -0.0688581 0.9930193
1311867287.517500 -0.0273524 -0.2622892 0.4250904 -0.0833303 -0.0547396 -0.0692904 0.9926019
1311867288.185455 -0.0202447 -0.2694363 0.4251699 -0.0807146 -0.0506233 -0.0675436 0.9931567
1311867288.854331 -0.0357039 -0.2626250 0.4187444 -0.0801960 -0.0448603 -0.0696006 0.9933338
1311867289.518318 -0.0365544 -0.2605348 0.4182679 -0.0811084 -0.0449505 -0.0678372 0.9933776
1311867290.185638 -0.0488166 -0.2626407 0.4317476 -0.0873512 -0.0458420 -0.0709678 0.9925885
1311867290.855586 -0.0508522 -0.2653210 0.4253098 -0.0853686 -0.0479560 -0.0710203 0.9926573
1311867291.520140 -0.0416799 -0.2695220 0.4150175 -0.0823645 -0.0516291 -0.0708412 0.9927397
1311867292.189973 -0.0352850 -0.2698843 0.4158758 -0.0807596 -0.0499643 -0.0692102 0.9930717
