1311868164.363181 -0.0000000 -0.0000000 -0.0000000 0.0000000 0.0000000 0.0000000 1.0000000
1311868164.531025 -0.0121257 -0.0237647 -0.0117510 -0.0149070 0.0050731 -0.0146832 0.9997682
1311868165.199145 -0.1147369 -0.0903491 -0.0169297 -0.0055536 0.0363250 -0.0496959 0.9980881
1311868165.831186 -0.2489240 -0.1389568 -0.0024260 -0.0527659 0.0856377 -0.0537830 0.9934734
1311868166.363122 -0.2854854 -0.1912087 -0.1294716 -0.1174780 0.1281268 -0.0385479 0.9840206
1311868167.031127 -0.4089551 -0.2152704 -0.1664862 -0.1212524 0.1599708 -0.0521747 0.9782561
1311868167.463303 -0.5211316 -0.2017667 -0.1109912 -0.1206181 0.1639184 -0.0705842 0.9765244
1311868167.531321 -0.5360248 -0.1993108 -0.1183938 -0.1198461 0.1648387 -0.0706365 0.9764608
1311868168.199247 -0.5890343 -0.1675375 -0.0295999 -0.1083792 0.1886199 -0.0619691 0.9740823
1311868168.863325 -0.5728845 -0.0851020 0.1257800 -0.0671867 0.1775361 -0.0687904 0.9794053
1311868169.363470 -0.5934823 0.0042507 0.2485512 -0.0087202 0.1356791 -0.1150518 0.9840113
1311868169.663240 -0.6128969 0.0628118 0.3277326 0.0345619 0.1138073 -0.1633132 0.9793785
1311868169.763417 -0.6349262 0.0885230 0.3469267 0.0443844 0.1118527 -0.1694470 0.9781650
1311868170.131345 -0.7062796 0.1433190 0.3923631 0.0776102 0.1324006 -0.1496767 0.9767516
1311868170.799446 -0.8320888 0.1044489 0.3400261 0.0296768 0.1657622 -0.1444676 0.9750751
1311868171.463459 -0.9592360 0.0946787 0.3508705 0.0031950 0.1873175 -0.1670539 0.9679850
1311868171.931516 -1.0711498 0.0912086 0.4104052 -0.0394757 0.2203170 -0.1826134 0.9573685
1311868172.063426 -1.0979125 0.0888341 0.4305191 -0.0511325 0.2324610 -0.1810116 0.9542443
1311868172.599590 -1.1732742 0.0826576 0.5016018 -0.1067526 0.2843670 -0.1668513 0.9380298
1311868172.731555 -1.1848140 0.0909178 0.5370247 -0.1213732 0.3028902 -0.1576072 0.9320333
1311868172.831632 -1.1876940 0.0977832 0.5681297 -0.1349311 0.3170273 -0.1498602 0.9267304
1311868173.099605 -1.1840799 0.1167849 0.6574157 -0.1441868 0.3416195 -0.1462806 0.9171196
1311868173.767623 -1.1955578 0.1637040 0.8089050 -0.1153307 0.3683830 -0.1521112 0.9098654
1311868174.031740 -1.2121177 0.1872040 0.8655726 -0.1034796 0.3523908 -0.1942535 0.9096034
1311868174.067656 -1.2151605 0.1896373 0.8747493 -0.1020453 0.3515224 -0.1967730 0.9095599
1311868174.499672 -1.2416115 0.2066164 0.9428605 -0.0957025 0.3546894 -0.2198109 0.9037254
1311868174.699578 -1.2469587 0.2172834 0.9710515 -0.0854175 0.3532669 -0.2152105 0.9064165
1311868174.867798 -1.2440603 0.2301576 0.9926729 -0.0626433 0.3534528 -0.2202261 0.9069991
1311868175.199578 -1.2304969 0.2538930 1.0503354 -0.0039637 0.3616904 -0.2489658 0.8984322
1311868175.231818 -1.2324439 0.2556177 1.0572333 0.0085679 0.3628792 -0.2564330 0.8958166
1311868175.400048 -1.2210106 0.2498233 1.0771868 0.0428077 0.3497738 -0.2527303 0.9010844
1311868175.567800 -1.2129986 0.2456513 1.0888374 0.0707518 0.3431320 -0.2530439 0.9017889
1311868175.631778 -1.2115059 0.2457768 1.0931674 0.0757194 0.3376439 -0.2531948 0.9034133
1311868175.967871 -1.2131257 0.2541296 1.1089692 0.0996137 0.3235708 -0.2775083 0.8990930
1311868176.067949 -1.2152681 0.2574784 1.1139110 0.0947804 0.3163305 -0.2895685 0.8983884
1311868176.267779 -1.2282524 0.2690431 1.1241435 0.0817853 0.3156410 -0.3065159 0.8942762
1311868176.331871 -1.2314813 0.2724766 1.1287820 0.0762157 0.3194749 -0.3088762 0.8925931
1311868176.631719 -1.2494214 0.2809840 1.1443697 0.0484833 0.3439907 -0.2967046 0.8895427
1311868176.667782 -1.2486986 0.2801884 1.1457584 0.0462774 0.3444565 -0.2944493 0.8902290
1311868176.867790 -1.2536581 0.2855885 1.1534985 0.0459839 0.3526029 -0.2911107 0.8881505
1311868177.531751 -1.2455260 0.2864878 1.1860241 0.0449207 0.3956552 -0.2974221 0.8677437
1311868177.731996 -1.2456763 0.2855799 1.1957538 0.0284843 0.4075984 -0.2946233 0.8638572
1311868178.100039 -1.2678100 0.2916582 1.1882774 -0.0092831 0.3831991 -0.3104340 0.8698868
1311868178.131987 -1.2767184 0.2978878 1.1935723 -0.0127432 0.3840467 -0.3138766 0.8682323
1311868178.167955 -1.2789743 0.2975381 1.1895279 -0.0161519 0.3815459 -0.3169250 0.8681707
1311868178.199855 -1.2822206 0.2970444 1.1850051 -0.0191623 0.3813735 -0.3203491 0.8669276
1311868178.332180 -1.2960180 0.2948791 1.1691017 -0.0253742 0.3863148 -0.3297794 0.8610241
1311868178.367989 -1.2992218 0.2961571 1.1612697 -0.0290447 0.3836803 -0.3295450 0.8621752
1311868178.831967 -1.3396175 0.3047029 1.1121204 -0.0566504 0.3628109 -0.3088352 0.8773710
1311868178.967934 -1.3533450 0.3123720 1.0935538 -0.0595660 0.3622684 -0.3021937 0.8797116
1311868179.632001 -1.4225702 0.3584437 0.9866340 -0.0896024 0.3929943 -0.2644061 0.8761371
1311868179.768285 -1.4332827 0.3650767 0.9659948 -0.0923050 0.4022456 -0.2623178 0.8722773
1311868179.999962 -1.4478874 0.3675349 0.9323478 -0.1034152 0.3953434 -0.2673531 0.8726576
1311868180.168096 -1.4525030 0.3672968 0.9076375 -0.1144310 0.3878598 -0.2679484 0.8744564
1311868180.432000 -1.4521738 0.3722344 0.8736829 -0.1304620 0.3757155 -0.2644888 0.8785574
1311868180.468133 -1.4540088 0.3721125 0.8703002 -0.1340526 0.3745241 -0.2635203 0.8788166
1311868180.500082 -1.4530694 0.3722443 0.8720188 -0.1366166 0.3744430 -0.2620633 0.8788920
1311868180.531936 -1.4548397 0.3723780 0.8692410 -0.1396711 0.3739298 -0.2615474 0.8787841
1311868180.568027 -1.4550300 0.3718471 0.8683160 -0.1420894 0.3736777 -0.2617968 0.8784293
1311868181.232080 -1.4417386 0.3576118 0.8302630 -0.1282351 0.3922196 -0.2571977 0.8738243
1311868181.900215 -1.3951669 0.3136191 0.8690997 -0.1251584 0.4065773 -0.2591125 0.8671165
1311868181.968208 -1.3919117 0.3041050 0.8757668 -0.1243905 0.4088306 -0.2594134 0.8660769
1311868182.068176 -1.3816257 0.2933185 0.8887885 -0.1199054 0.4072026 -0.2636786 0.8661884
1311868182.500921 -1.3341485 0.2406722 0.9335585 -0.1066851 0.4102747 -0.2602375 0.8675076
1311868182.568033 -1.3290050 0.2308536 0.9406834 -0.1012721 0.4062645 -0.2635398 0.8690454
1311868182.600295 -1.3265095 0.2272441 0.9450791 -0.0973668 0.4043776 -0.2657472 0.8696993
1311868182.636312 -1.3215122 0.2216319 0.9457459 -0.0932892 0.3995937 -0.2682770 0.8715787
1311868182.700341 -1.3166924 0.2087416 0.9515643 -0.0881647 0.3917359 -0.2755013 0.8734238
1311868182.936274 -1.2901794 0.1674250 0.9756893 -0.0886866 0.3554636 -0.3045934 0.8792060
1311868182.968092 -1.2851648 0.1602961 0.9781063 -0.0900441 0.3495379 -0.3105599 0.8793564
1311868183.000259 -1.2789787 0.1501404 0.9793511 -0.0914670 0.3437784 -0.3162192 0.8794633
1311868183.268380 -1.2592758 0.0842518 1.0048956 -0.1057722 0.3092953 -0.3594900 0.8740227
1311868183.300363 -1.2554111 0.0800580 1.0091941 -0.1065764 0.3054711 -0.3638141 0.8734805
1311868183.400232 -1.2487504 0.0627702 1.0191324 -0.1126980 0.2890307 -0.3782603 0.8721694
1311868183.436153 -1.2460151 0.0595821 1.0220954 -0.1132004 0.2849464 -0.3788264 0.8732020
1311868183.500255 -1.2425658 0.0536969 1.0299238 -0.1174744 0.2748899 -0.3711760 0.8791267
1311868183.700230 -1.2320288 0.0184482 1.0524217 -0.1345397 0.2534530 -0.3495194 0.8919063
1311868183.736414 -1.2286988 0.0162080 1.0556508 -0.1329348 0.2548996 -0.3503267 0.8914179
1311868183.868506 -1.2245585 -0.0008803 1.0746675 -0.1389482 0.2576614 -0.3525692 0.8888189
1311868183.936316 -1.2215859 -0.0115552 1.0845140 -0.1427217 0.2581349 -0.3541877 0.8874390
1311868184.036316 -1.2164967 -0.0323068 1.1009833 -0.1341726 0.2617733 -0.3651916 0.8832369
1311868184.136827 -1.2156243 -0.0464852 1.1144121 -0.1231446 0.2639449 -0.3627808 0.8851885
1311868184.236434 -1.2062263 -0.0612131 1.1230747 -0.1160077 0.2617120 -0.3623382 0.8869950
1311868184.468412 -1.1850352 -0.0935626 1.1473147 -0.1166959 0.2570417 -0.3643641 0.8874404
1311868184.768456 -1.1514860 -0.1449030 1.1755178 -0.1198669 0.2108450 -0.3753046 0.8946076
1311868184.800366 -1.1495428 -0.1532019 1.1784911 -0.1192004 0.2054730 -0.3791431 0.8943280
1311868184.968436 -1.1362493 -0.1902296 1.1908512 -0.1210126 0.1808814 -0.3908797 0.8943439
1311868185.036432 -1.1289734 -0.2005894 1.1970286 -0.1228930 0.1743275 -0.3979805 0.8922549
1311868185.337903 -1.1052554 -0.2430839 1.2247009 -0.1206002 0.1478933 -0.4049916 0.8941839
1311868185.401199 -1.0982606 -0.2515575 1.2299836 -0.1160928 0.1466281 -0.4027313 0.8960079
1311868185.636409 -1.0820711 -0.2720577 1.2505668 -0.0914868 0.1535100 -0.4123642 0.8933200
1311868185.768630 -1.0737066 -0.2862573 1.2614443 -0.0767336 0.1538691 -0.4062491 0.8974397
1311868186.300401 -1.0202711 -0.3194629 1.2860297 -0.1240951 0.0912808 -0.4129152 0.8976465
1311868186.869317 -0.9822854 -0.3301741 1.2533195 -0.1783400 0.0368401 -0.4155606 0.8911493
1311868187.537564 -0.9761818 -0.3211620 1.1592159 -0.1999302 0.0794277 -0.4126998 0.8850977
1311868187.768746 -0.9606928 -0.3298885 1.1374443 -0.2052811 0.0799516 -0.4080569 0.8859779
1311868187.868577 -0.9525248 -0.3353224 1.1301978 -0.2068436 0.0733110 -0.4115383 0.8845776
1311868188.169752 -0.9031736 -0.3600970 1.1104574 -0.2273697 0.0342795 -0.4148916 0.8803368
1311868188.200610 -0.8965039 -0.3628534 1.1076682 -0.2325589 0.0303760 -0.4151055 0.8790228
1311868188.468574 -0.8447944 -0.3659742 1.0927047 -0.2607508 0.0249473 -0.4312545 0.8633691
1311868188.537539 -0.8442516 -0.3661923 1.0869770 -0.2688376 0.0196425 -0.4258551 0.8637059
1311868188.936521 -0.8261948 -0.3611013 1.0240847 -0.2977818 0.0168159 -0.4075868 0.8630853
1311868188.968696 -0.8259396 -0.3603405 1.0154734 -0.3030099 0.0171996 -0.4017714 0.8639843
1311868189.000574 -0.8268147 -0.3597907 1.0091196 -0.3091305 0.0177549 -0.3959697 0.8644831
1311868189.302276 -0.8247663 -0.3516414 0.9533238 -0.3214620 0.0420164 -0.4015997 0.8565130
1311868189.400547 -0.8217818 -0.3516157 0.9368516 -0.3244363 0.0464540 -0.4044553 0.8538144
1311868189.668663 -0.8107169 -0.3516572 0.9019238 -0.3327513 0.0519067 -0.4040968 0.8504634
1311868189.802939 -0.8004020 -0.3607040 0.8909803 -0.3361947 0.0565464 -0.4010078 0.8502755
1311868190.468862 -0.7349663 -0.4235630 0.8335423 -0.3239705 0.0675309 -0.3984316 0.8554151
1311868190.836629 -0.7137352 -0.4448001 0.8170081 -0.3145557 0.0686517 -0.3972222 0.8593929
1311868191.505579 -0.6966869 -0.4672230 0.8101993 -0.3176691 0.0707386 -0.3993982 0.8570668
1311868192.173682 -0.6878468 -0.4809900 0.8373414 -0.3117402 0.0851216 -0.4004010 0.8574680
1311868192.838042 -0.7085811 -0.4864475 0.9037091 -0.2970198 0.0837463 -0.4014057 0.8623452
1311868193.507782 -0.7274279 -0.5123655 0.9468135 -0.3187529 0.0254464 -0.4152344 0.8516628
1311868194.172673 -0.7469295 -0.5497028 0.9697738 -0.3019588 -0.0027434 -0.4354139 0.8480732
1311868194.508854 -0.7622483 -0.5678475 0.9812592 -0.2955470 -0.0073095 -0.4338290 0.8511116
1311868195.168943 -0.7567393 -0.5969408 0.9817413 -0.2733711 -0.0172957 -0.4254481 0.8625329
1311868195.409401 -0.7403558 -0.6102031 0.9711665 -0.2650775 -0.0125982 -0.4271368 0.8643665
1311868196.068988 -0.6849352 -0.6255462 0.9245762 -0.2731151 0.0308759 -0.4272182 0.8613591
1311868196.709665 -0.6586586 -0.6171294 0.8648614 -0.2911094 0.0878221 -0.3839736 0.8718411
1311868196.869030 -0.6471677 -0.6241747 0.8517132 -0.2881102 0.1022055 -0.3819122 0.8721752
1311868197.536977 -0.5758232 -0.6785858 0.8221273 -0.3233497 0.0655044 -0.4124398 0.8491452
1311868197.805395 -0.5437865 -0.6997606 0.8192083 -0.3421177 0.0594455 -0.4099165 0.8434395
1311868198.005244 -0.5101092 -0.7105313 0.8233619 -0.3517345 0.0543003 -0.3999838 0.8445989
1311868198.037139 -0.5091439 -0.7125292 0.8211385 -0.3513916 0.0570856 -0.4004138 0.8443542
1311868198.237167 -0.5008534 -0.7205566 0.8263994 -0.3505287 0.0633848 -0.3987179 0.8450657
1311868198.905110 -0.4777479 -0.7513824 0.8716899 -0.3678468 0.0537775 -0.4111354 0.8323247
1311868199.569325 -0.4517807 -0.7666850 0.9143741 -0.3751023 0.0257661 -0.4064850 0.8327091
1311868199.837168 -0.4407917 -0.7802503 0.9270738 -0.3888392 -0.0050999 -0.4143575 0.8228523
1311868199.937209 -0.4335062 -0.7899033 0.9356260 -0.3922898 -0.0207115 -0.4219897 0.8170706
1311868200.273397 -0.4038085 -0.8230966 0.9513813 -0.4008259 -0.0555224 -0.4362783 0.8036897
1311868200.305197 -0.3995229 -0.8268828 0.9525647 -0.4026874 -0.0593292 -0.4371814 0.8019946
1311868200.737553 -0.3596184 -0.8680958 0.9670914 -0.4191160 -0.0798685 -0.4432337 0.7883569
1311868200.937356 -0.3480965 -0.8799223 0.9683530 -0.4212801 -0.0850354 -0.4414040 0.7876894
1311868201.605366 -0.3265631 -0.9005773 0.9941016 -0.4234090 -0.0924743 -0.4366346 0.7883676
1311868201.973324 -0.3198482 -0.9050839 1.0121330 -0.4281282 -0.0982037 -0.4456204 0.7800543
1311868202.037477 -0.3174070 -0.9071460 1.0167661 -0.4296868 -0.0987477 -0.4483534 0.7775586
1311868202.273322 -0.3055646 -0.9166980 1.0313038 -0.4419762 -0.1077633 -0.4553562 0.7653070
1311868202.437436 -0.2949402 -0.9265403 1.0451297 -0.4483592 -0.1119827 -0.4558831 0.7606606
1311868202.573395 -0.2846622 -0.9364316 1.0581585 -0.4468624 -0.1158492 -0.4628009 0.7567750
1311868203.137538 -0.2829682 -0.9668373 1.0992876 -0.4320205 -0.1462532 -0.4654706 0.7584890
1311868203.373566 -0.2987729 -0.9765397 1.1105185 -0.4275643 -0.1793115 -0.4586356 0.7580828
1311868203.405460 -0.3027577 -0.9782894 1.1136085 -0.4243980 -0.1831358 -0.4608101 0.7576290
1311868203.773697 -0.3304783 -0.9943298 1.1364359 -0.4290529 -0.2196753 -0.4662729 0.7417857
1311868204.173662 -0.3604561 -1.0295432 1.1907268 -0.4439161 -0.2515508 -0.4756167 0.7165539
1311868204.205500 -0.3629656 -1.0312710 1.1938446 -0.4432421 -0.2531582 -0.4745627 0.7171036
1311868204.873553 -0.3990368 -1.0827754 1.2416611 -0.4590608 -0.2736190 -0.4871861 0.6906849
1311868205.537722 -0.4420906 -1.1355021 1.2826236 -0.4308546 -0.2949202 -0.4742749 0.7088369
1311868205.973702 -0.4469842 -1.1474634 1.2964827 -0.4032725 -0.3029259 -0.4598181 0.7308725
1311868206.273560 -0.4591340 -1.1549778 1.3134867 -0.3825820 -0.3028372 -0.4522483 0.7465870
1311868206.938074 -0.4325601 -1.1284372 1.3138021 -0.3900522 -0.3048224 -0.4828193 0.7223768
1311868207.605696 -0.3592161 -1.1421072 1.3541083 -0.4159696 -0.3281983 -0.4812161 0.6983454
1311868208.273904 -0.2823794 -1.1470360 1.3739920 -0.4180519 -0.3114066 -0.5049923 0.6879253
1311868208.937746 -0.2154441 -1.1514692 1.4012748 -0.4524405 -0.2982831 -0.5020618 0.6739872
1311868209.373893 -0.1865780 -1.1248176 1.4303302 -0.4684922 -0.2849095 -0.5055475 0.6661557
1311868209.473809 -0.1852319 -1.1178288 1.4404620 -0.4748897 -0.2802352 -0.5022731 0.6660854
1311868210.141864 -0.1737940 -1.0863203 1.4811671 -0.4694085 -0.2993904 -0.5029207 0.6611291
1311868210.805942 -0.1620995 -1.0717614 1.4993896 -0.4773611 -0.3162862 -0.5023643 0.6478577
1311868211.473939 -0.1366568 -1.0982050 1.5585653 -0.4792610 -0.3459329 -0.5116079 0.6236159
1311868212.142105 -0.0879846 -1.1338220 1.6196352 -0.4814968 -0.3506168 -0.5176189 0.6142469
1311868212.574023 -0.0789818 -1.1491106 1.6480966 -0.4784881 -0.3429903 -0.5156300 0.6225210
1311868212.674200 -0.0799336 -1.1495655 1.6539431 -0.4767477 -0.3392283 -0.5147495 0.6266329
1311868213.006193 -0.0852214 -1.1515303 1.6765004 -0.4712291 -0.3369825 -0.5180727 0.6292745
1311868213.674238 -0.1159310 -1.1402556 1.7328209 -0.4693688 -0.3702280 -0.5285853 0.6026789
1311868214.342288 -0.1273171 -1.1322055 1.7717135 -0.4794504 -0.3961949 -0.5019286 0.6010196
1311868214.706198 -0.1358722 -1.1325873 1.8067639 -0.4859913 -0.4250983 -0.4984041 0.5785303
1311868214.742333 -0.1356116 -1.1321801 1.8076783 -0.4854768 -0.4282158 -0.4976382 0.5773212
1311868215.142266 -0.1477803 -1.1325058 1.8404777 -0.4766637 -0.4729158 -0.5051305 0.5422043
1311868215.174343 -0.1478187 -1.1333027 1.8420845 -0.4755131 -0.4769180 -0.5050740 0.5397561
1311868215.674534 -0.1896467 -1.1417972 1.8589633 -0.4699017 -0.5056556 -0.5072243 0.5159733
1311868215.706473 -0.1877371 -1.1408442 1.8605011 -0.4682580 -0.5115655 -0.5050953 0.5137255
1311868216.374273 -0.2501112 -1.1502255 1.8766603 0.4720338 0.5370818 0.4887658 -0.4998351
1311868216.574328 -0.2654915 -1.1513438 1.8878924 -0.4706083 -0.5324395 -0.4885219 0.5063422
1311868217.242361 -0.3079472 -1.1730621 1.9100490 -0.4569931 -0.5410702 -0.4736204 0.5235304
1311868217.906458 -0.3124013 -1.1644740 1.9089042 -0.4451266 -0.5428159 -0.4733352 0.5321344
1311868218.574422 -0.2933869 -1.1466142 1.9169393 -0.4555317 -0.5465208 -0.4589462 0.5321411
1311868219.242632 -0.2436756 -1.1290853 1.9570568 -0.4463261 -0.5716291 -0.4585648 0.5135674
1311868219.910641 -0.1767754 -1.0886807 1.9834243 0.4906313 0.5784343 0.4424098 -0.4785062
1311868220.442609 -0.1226289 -1.0665789 1.9868726 0.5092361 0.5840465 0.4484687 -0.4454705
1311868220.474751 -0.1192965 -1.0635304 1.9870250 0.5096727 0.5845076 0.4497723 -0.4430457
1311868220.542610 -0.1130229 -1.0640275 1.9882808 0.5124359 0.5835441 0.4532988 -0.4374997
1311868220.574495 -0.1107088 -1.0612484 1.9913956 0.5148962 0.5831236 0.4547153 -0.4336851
1311868220.611343 -0.1094529 -1.0599737 1.9944359 0.5168808 0.5819235 0.4566512 -0.4308932
1311868220.674598 -0.1027328 -1.0599899 1.9939140 0.5172633 0.5787659 0.4620909 -0.4288832
1311868220.874779 -0.0902220 -1.0594131 2.0096080 0.5280415 0.5755070 0.4633866 -0.4186129
1311868221.110563 -0.0754407 -1.0599842 2.0208113 0.5238736 0.5798769 0.4662540 -0.4146161
1311868221.274959 -0.0742836 -1.0611906 2.0245838 0.5236561 0.5788737 0.4686951 -0.4135389
1311868221.942672 -0.0626450 -1.0707620 2.0391064 0.5240785 0.5688726 0.4690829 -0.4262474
1311868222.610667 -0.0796354 -1.0596126 2.0741987 0.5242482 0.5716566 0.4729344 -0.4179778
1311868223.275316 -0.0967744 -1.0394900 2.1226988 0.5279320 0.5958084 0.4719741 -0.3788674
1311868223.375535 -0.0982171 -1.0358489 2.1283305 0.5269051 0.5975450 0.4724210 -0.3770005
1311868224.043743 -0.1031110 -1.0340769 2.1493158 0.5364137 0.5981948 0.4567716 -0.3818156
1311868224.511812 -0.1067397 -1.0431997 2.1757574 0.5254486 0.6159525 0.4552154 -0.3705202
1311868224.545292 -0.1044388 -1.0429473 2.1795502 0.5226855 0.6191024 0.4557751 -0.3684849
1311868224.611208 -0.1086496 -1.0387652 2.1938658 0.5211425 0.6231090 0.4561867 -0.3633722
1311868224.775598 -0.1133581 -1.0388463 2.2145667 0.5225231 0.6244559 0.4567845 -0.3582909
1311868224.978324 -0.1149368 -1.0365808 2.2362480 0.5162321 0.6302198 0.4594721 -0.3538542
1311868225.242896 -0.1210246 -1.0368812 2.2608056 0.5156118 0.6362510 0.4551622 -0.3495089
1311868225.910765 -0.1206268 -1.0379510 2.3065164 0.5213794 0.6486437 0.4495910 -0.3244888
1311868225.977018 -0.1203682 -1.0370492 2.3099194 0.5215446 0.6490099 0.4493023 -0.3238902
1311868226.310950 -0.1241725 -1.0338768 2.3279266 0.5132427 0.6544558 0.4518586 -0.3226349
1311868226.644260 -0.1413699 -1.0216070 2.3526709 0.5179972 0.6468335 0.4517637 -0.3304464
1311868226.810784 -0.1569849 -1.0097606 2.3650208 0.5230940 0.6456636 0.4507374 -0.3260783
1311868226.976309 -0.1714080 -0.9998099 2.3784080 0.5177968 0.6558392 0.4451405 -0.3218872
1311868227.010946 -0.1744202 -0.9985765 2.3813791 0.5184116 0.6552904 0.4445812 -0.3227872
1311868227.047092 -0.1781235 -0.9961182 2.3840251 0.5189534 0.6553288 0.4437869 -0.3229315
1311868227.179137 -0.1911191 -0.9855192 2.3946681 0.5098624 0.6624839 0.4437914 -0.3228074
1311868227.210865 -0.1956063 -0.9820355 2.3977332 0.5118845 0.6628852 0.4420450 -0.3211756
1311868227.446682 -0.2101826 -0.9666572 2.4120717 0.5162245 0.6697801 0.4292575 -0.3172460
1311868227.479018 -0.2126659 -0.9655636 2.4137993 0.5174339 0.6706062 0.4279369 -0.3153088
1311868227.510861 -0.2138827 -0.9644794 2.4163008 0.5178470 0.6720182 0.4266504 -0.3133613
1311868227.547438 -0.2137544 -0.9616933 2.4180493 0.5176067 0.6740453 0.4245232 -0.3122918
1311868228.112684 -0.2399695 -0.9430591 2.4560995 0.5109203 0.7136262 0.4105471 -0.2472837
1311868228.412437 -0.2529225 -0.9374992 2.4881046 0.5052242 0.7295202 0.4034066 -0.2231859
1311868228.444527 -0.2559974 -0.9357747 2.4923205 0.5070335 0.7288771 0.4028563 -0.2221756
1311868228.779112 -0.2678296 -0.9320985 2.5267437 0.4920920 0.7412366 0.4082207 -0.2043762
1311868228.879273 -0.2702418 -0.9287649 2.5385332 0.4892797 0.7440189 0.4084217 -0.2005816
1311868229.148295 -0.2837311 -0.9213852 2.5541120 0.4962595 0.7374117 0.4061283 -0.2121561
1311868229.184081 -0.2867604 -0.9216344 2.5561075 0.4960420 0.7383358 0.4049458 -0.2117106
1311868229.216477 -0.2896859 -0.9195675 2.5562057 0.4939512 0.7401505 0.4044949 -0.2111239
1311868229.281198 -0.2904791 -0.9184287 2.5572243 0.4904774 0.7420602 0.4027183 -0.2158621
1311868229.315238 -0.2974164 -0.9226596 2.5573564 0.4929754 0.7383185 0.4075408 -0.2139427
1311868229.482439 -0.3137539 -0.9061838 2.5521183 0.5083663 0.7289406 0.4145256 -0.1959023
1311868229.647479 -0.3344124 -0.9007216 2.5438890 0.5026323 0.7275766 0.4208067 -0.2022742
1311868229.681523 -0.3397634 -0.8995259 2.5422356 0.5021002 0.7280012 0.4216095 -0.2003874
1311868229.712459 -0.3440857 -0.8970200 2.5391822 0.5008017 0.7284387 0.4229343 -0.1992519
1311868229.748721 -0.3483272 -0.8956426 2.5376382 0.5019964 0.7280380 0.4222974 -0.1990608
1311868229.844489 -0.3630942 -0.8913552 2.5301793 0.5047477 0.7266928 0.4209579 -0.1998545
1311868229.883361 -0.3690500 -0.8906840 2.5269914 0.5058568 0.7262257 0.4203663 -0.1999931
1311868229.982424 -0.3836270 -0.8866328 2.5191445 0.5067481 0.7262180 0.4188462 -0.2009514
1311868230.047030 -0.3907477 -0.8851989 2.5140734 0.5065382 0.7256680 0.4201715 -0.2007015
1311868230.113585 -0.3988045 -0.8808125 2.5106978 0.5090173 0.7239094 0.4200036 -0.2011306
1311868230.147393 -0.4052062 -0.8787049 2.5085850 0.5090566 0.7221702 0.4228982 -0.2012180
1311868230.180570 -0.4104320 -0.8781335 2.5058360 0.5077129 0.7217597 0.4228645 -0.2060972
1311868230.214879 -0.4150159 -0.8771736 2.5058742 0.5056155 0.7230527 0.4211764 -0.2101385
1311868230.245363 -0.4197984 -0.8771588 2.5033622 0.5035080 0.7226062 0.4233364 -0.2123823
1311868230.283031 -0.4252008 -0.8766425 2.5005105 0.5015355 0.7232481 0.4238526 -0.2138300
1311868230.312518 -0.4277744 -0.8755918 2.5002241 0.5002913 0.7248015 0.4230379 -0.2130970
1311868230.343265 -0.4326541 -0.8740833 2.4978285 0.5021521 0.7232451 0.4242594 -0.2115741
1311868230.382061 -0.4373029 -0.8739147 2.4960706 0.5050061 0.7223070 0.4235134 -0.2094704
1311868230.414198 -0.4400975 -0.8732725 2.4943509 0.5068915 0.7210518 0.4250068 -0.2061904
1311868230.443234 -0.4446585 -0.8721694 2.4947338 0.5123010 0.7170960 0.4270382 -0.2023843
1311868230.484314 -0.4522908 -0.8693409 2.4928727 0.5215027 0.7108315 0.4278026 -0.1993450
1311868230.512705 -0.4576620 -0.8652185 2.4922056 0.5289405 0.7063662 0.4258026 -0.1999020
1311868230.582035 -0.4664463 -0.8590950 2.4908018 0.5331159 0.7015811 0.4235364 -0.2102105
1311868230.613609 -0.4709736 -0.8561325 2.4904051 0.5316054 0.6997958 0.4265855 -0.2137906
1311868230.643420 -0.4779778 -0.8569666 2.4885588 0.5307869 0.6998044 0.4256819 -0.2175638
1311868230.682847 -0.4807400 -0.8566611 2.4874942 0.5290585 0.7024748 0.4219970 -0.2203290
1311868230.713079 -0.4861101 -0.8551177 2.4857016 0.5290694 0.7044693 0.4178277 -0.2218751
1311868230.743239 -0.4891820 -0.8532334 2.4863482 0.5285649 0.7083743 0.4114519 -0.2225586
1311868230.783163 -0.4929211 -0.8509321 2.4859862 0.5263069 0.7113248 0.4093664 -0.2223450
1311868230.812536 -0.4974557 -0.8503947 2.4845514 0.5234531 0.7126813 0.4104747 -0.2226943
1311868230.843194 -0.5004694 -0.8486297 2.4834380 0.5208865 0.7134979 0.4119833 -0.2233106
1311868230.884514 -0.5045698 -0.8476637 2.4844427 0.5196387 0.7132156 0.4150538 -0.2214259
1311868230.912835 -0.5090155 -0.8449759 2.4845414 0.5172620 0.7135051 0.4194858 -0.2176741
1311868230.943429 -0.5143588 -0.8433561 2.4835200 0.5147160 0.7145340 0.4216754 -0.2160986
1311868230.983928 -0.5188961 -0.8417368 2.4835660 0.5128271 0.7157667 0.4223450 -0.2152002
1311868231.012678 -0.5230565 -0.8399427 2.4832873 0.5100992 0.7174610 0.4223197 -0.2160891
1311868231.043362 -0.5284264 -0.8388093 2.4827750 0.5054877 0.7200300 0.4235139 -0.2160441
1311868231.083967 -0.5331079 -0.8379374 2.4828935 0.5015649 0.7226434 0.4230241 -0.2174164
1311868231.115505 -0.5392194 -0.8368032 2.4828920 0.5006937 0.7234017 0.4215862 -0.2196836
1311868231.143191 -0.5396687 -0.8347549 2.4822216 0.4975061 0.7252458 0.4221479 -0.2197668
1311868231.215427 -0.5479422 -0.8309155 2.4820204 0.4914197 0.7260205 0.4325523 -0.2104744
1311868231.380706 -0.5653128 -0.8249288 2.4759438 0.4843813 0.7200159 0.4572623 -0.1945842
1311868231.412886 -0.5721712 -0.8237224 2.4742661 0.4842645 0.7179922 0.4623590 -0.1902607
1311868231.514222 -0.5835260 -0.8204840 2.4686399 0.4852539 0.7148575 0.4656615 -0.1914859
1311868231.611182 -0.5970539 -0.8200085 2.4605763 0.4834254 0.7173377 0.4654422 -0.1873233
1311868231.683851 -0.6036098 -0.8204612 2.4555345 0.4796031 0.7194475 0.4663777 -0.1867297
1311868231.811225 -0.6159538 -0.8223083 2.4425507 0.4770388 0.7153957 0.4735851 -0.1906833
1311868231.911236 -0.6260816 -0.8245384 2.4306674 0.4834926 0.7104278 0.4761058 -0.1866828
1311868232.011255 -0.6361704 -0.8279122 2.4211285 0.4796847 0.7115290 0.4796836 -0.1831195
1311868232.111198 -0.6431364 -0.8307830 2.4121978 0.4761842 0.7137405 0.4817569 -0.1781387
1311868232.211380 -0.6522224 -0.8305902 2.4023771 0.4770529 0.7128335 0.4834117 -0.1749345
1311868232.443259 -0.6672215 -0.8360885 2.3787112 0.4828834 0.7044726 0.4865184 -0.1839614
1311868232.482622 -0.6736597 -0.8388506 2.3747156 0.4839969 0.7016649 0.4885693 -0.1863156
1311868232.543326 -0.6778035 -0.8400567 2.3685017 0.4827276 0.7000388 0.4898520 -0.1922624
1311868233.111321 -0.6940598 -0.8559930 2.3342183 0.4772303 0.7160346 0.4711729 -0.1937569
1311868233.211366 -0.6936504 -0.8565379 2.3361287 0.4764374 0.7193713 0.4657294 -0.1964904
1311868233.879475 -0.6723800 -0.8328187 2.3975337 0.4822052 0.7386033 0.4389132 -0.1711680
1311868234.543567 -0.6620267 -0.8175234 2.5048795 0.4506083 0.7769287 0.4142886 -0.1473061
1311868234.611718 -0.6587740 -0.8158552 2.5156252 0.4484204 0.7785720 0.4139898 -0.1461411
1311868234.643547 -0.6550953 -0.8135930 2.5219693 0.4477110 0.7795869 0.4127642 -0.1463726
1311868235.243614 -0.6357356 -0.7871884 2.6079450 0.4531486 0.7781959 0.4151622 -0.1292586
1311868235.279710 -0.6327584 -0.7835294 2.6121874 0.4537721 0.7781627 0.4141339 -0.1305632
1311868235.311695 -0.6330138 -0.7828456 2.6143827 0.4554918 0.7769684 0.4142058 -0.1314565
1311868235.443732 -0.6281428 -0.7729863 2.6295981 0.4571037 0.7778599 0.4086913 -0.1377011
1311868235.743898 -0.6261394 -0.7530068 2.6531053 0.4469713 0.7805198 0.4087574 -0.1546699
1311868235.811896 -0.6235095 -0.7464677 2.6570973 0.4472423 0.7818016 0.4068195 -0.1525072
1311868236.043684 -0.6206260 -0.7273711 2.6707921 0.4530340 0.7841549 0.3998831 -0.1412615
1311868236.412852 -0.6260545 -0.6855987 2.6925836 0.4531958 0.7932472 0.3917595 -0.1090731
1311868236.479602 -0.6254533 -0.6814721 2.6964192 0.4525235 0.7930048 0.3929859 -0.1092154
1311868236.979635 -0.6187528 -0.6413904 2.7202282 0.4639698 0.8043074 0.3618090 -0.0831616
1311868237.311685 -0.6256833 -0.6120456 2.7429633 0.4770077 0.8069460 0.3419984 -0.0658699
1311868237.611575 -0.6457125 -0.5787483 2.7740598 0.4632112 0.8180658 0.3389927 -0.0358866
1311868237.711933 -0.6491359 -0.5682402 2.7856805 0.4482630 0.8262693 0.3397454 -0.0302064
1311868237.847748 -0.6553025 -0.5580949 2.8020883 0.4488028 0.8293173 0.3326084 -0.0134400
1311868238.047724 -0.6625853 -0.5340036 2.8252747 0.4509137 0.8293404 0.3299561 0.0005556
1311868238.111670 -0.6670396 -0.5276065 2.8321691 0.4522175 0.8280085 0.3314659 0.0056281
1311868238.679756 -0.6907408 -0.4856496 2.8568847 0.4539187 0.8272763 0.3304155 0.0199342
1311868238.711811 -0.6905748 -0.4817235 2.8581796 0.4524408 0.8274671 0.3320367 0.0186326
1311868238.847715 -0.6956645 -0.4700569 2.8587737 0.4563216 0.8215929 0.3413421 0.0155344
1311868239.479757 -0.7113143 -0.4347581 2.8519306 0.4609263 0.8241905 0.3253165 0.0492566
1311868239.711814 -0.7152829 -0.4147169 2.8551178 0.4507957 0.8304359 0.3199252 0.0693347
1311868240.079916 -0.7381200 -0.3791563 2.8727856 0.4400120 0.8359171 0.3070877 0.1154519
1311868240.111831 -0.7430761 -0.3740209 2.8746877 0.4382008 0.8362966 0.3077725 0.1177460
1311868240.611779 -0.7794715 -0.3243370 2.9210038 0.4036863 0.8493391 0.3050593 0.1503305
1311868240.647892 -0.7797438 -0.3270842 2.9242113 0.4055938 0.8475934 0.3075150 0.1500454
1311868241.047933 -0.7803817 -0.3405777 2.9395146 0.4135048 0.8350475 0.3371345 0.1343493
1311868241.712640 -0.8699161 -0.3344065 2.8734217 0.4314760 0.8283244 0.3249440 0.1487230
1311868241.947838 -0.9022812 -0.3245817 2.8499980 0.4134115 0.8404449 0.3073829 0.1681046
1311868241.979902 -0.9062576 -0.3252690 2.8484592 0.4113556 0.8416723 0.3051411 0.1710649
1311868242.347903 -0.9441524 -0.3188803 2.8438418 0.3917817 0.8490543 0.2867334 0.2083215
1311868242.479984 -0.9523672 -0.3127666 2.8410490 0.3912840 0.8491532 0.2759284 0.2229331
1311868242.779977 -0.9616648 -0.2990540 2.8382151 0.3874387 0.8534224 0.2568254 0.2358012
1311868242.879888 -0.9660218 -0.2964450 2.8370073 0.3893949 0.8546668 0.2577302 0.2269171
1311868243.048093 -0.9706347 -0.2909263 2.8364513 0.3926955 0.8560933 0.2566631 0.2168376
1311868243.712048 -1.0122161 -0.2486778 2.8461170 0.3669314 0.8610772 0.2349374 0.2621292
1311868244.312192 -1.0556922 -0.1903993 2.8740685 0.3378337 0.8580532 0.2139849 0.3222165
1311868244.980073 -1.0721840 -0.1197372 2.8795130 0.3379136 0.8565143 0.2363019 0.3104175
1311868245.012295 -1.0738708 -0.1153466 2.8768063 0.3352321 0.8560901 0.2388034 0.3125734
1311868245.680250 -1.1025914 -0.0543337 2.8348851 0.3421018 0.8511284 0.2151679 0.3350368
1311868245.916227 -1.1150548 -0.0294097 2.8357074 0.3588049 0.8367752 0.2252826 0.3468632
1311868245.948179 -1.1175172 -0.0238160 2.8354702 0.3566540 0.8371500 0.2246197 0.3486026
1311868246.080289 -1.1278114 -0.0089047 2.8420701 0.3402069 0.8386613 0.2258335 0.3604244
1311868246.216086 -1.1361789 0.0060675 2.8414164 0.3323708 0.8353246 0.2269677 0.3744971
1311868246.516170 -1.1599513 0.0358256 2.8650484 0.3260227 0.8355423 0.2320314 0.3764834
1311868246.648250 -1.1667280 0.0486441 2.8762112 0.3224294 0.8365585 0.2367278 0.3743917
1311868246.680335 -1.1701052 0.0535138 2.8793526 0.3221615 0.8359762 0.2385788 0.3747477
1311868246.780364 -1.1756041 0.0601626 2.8842428 0.3246549 0.8345312 0.2449794 0.3716745
1311868247.448333 -1.2079623 0.0835751 2.8645091 0.3265544 0.8387212 0.2492384 0.3574761
1311868248.116239 -1.2320451 0.0689900 2.7630816 0.3267006 0.8372316 0.2326052 0.3717590
1311868248.648465 -1.2565804 0.0717768 2.6801367 0.3003991 0.8284955 0.2255793 0.4152945
1311868248.680356 -1.2585285 0.0703818 2.6722274 0.2944850 0.8305349 0.2254336 0.4155359
1311868248.880380 -1.2788224 0.0780793 2.6392174 0.2782869 0.8217556 0.2254397 0.4432279
1311868249.448316 -1.3055254 0.0680292 2.5763342 0.2745843 0.8317379 0.2355088 0.4211307
1311868249.580331 -1.3026479 0.0623036 2.5650361 0.2741420 0.8392699 0.2266629 0.4112128
1311868250.080466 -1.2628542 0.0401799 2.5285420 0.2895450 0.8559629 0.2010650 0.3782381
1311868250.348963 -1.2515194 0.0376778 2.5142570 0.3073393 0.8555949 0.1752597 0.3778678
1311868250.916361 -1.2317359 0.0352176 2.5061803 0.3325870 0.8602207 0.1204135 0.3672965
1311868250.948745 -1.2314173 0.0364352 2.5072684 0.3342706 0.8617881 0.1149421 0.3638307
1311868251.616591 -1.2396923 0.0289626 2.5049231 0.2993213 0.8709422 0.1362524 0.3651051
1311868252.280693 -1.2695416 0.0104652 2.5267124 0.2280052 0.8989246 0.1599478 0.3381788
1311868252.948689 -1.2945482 -0.0240409 2.5580664 0.1779109 0.9036538 0.2355809 0.3102567
1311868253.148796 -1.2869053 -0.0347878 2.5625205 0.1792483 0.9061339 0.2511960 0.2892957
1311868253.280713 -1.2786163 -0.0405743 2.5641131 0.1743520 0.9088280 0.2641959 0.2717235
1311868253.948752 -1.2435546 -0.0581952 2.5843103 0.1810403 0.9201629 0.2826440 0.2015861
1311868254.316692 -1.2278949 -0.0758853 2.5974157 0.1604139 0.9223483 0.2944681 0.1919104
1311868254.616771 -1.2208326 -0.0965127 2.6185999 0.1248672 0.9195100 0.3153884 0.1985943
1311868254.648657 -1.2180575 -0.0982931 2.6238747 0.1245337 0.9189235 0.3188749 0.1959332
1311868254.784875 -1.2139977 -0.1077852 2.6293545 0.1175220 0.9156510 0.3332155 0.1916748
1311868255.448957 -1.1982346 -0.1367301 2.6631911 0.1135070 0.9096362 0.3646835 0.1633529
1311868256.117284 -1.1626782 -0.1477345 2.6757693 0.1031408 0.9172909 0.3683278 0.1107877
1311868256.649078 -1.1184508 -0.1476630 2.6943846 0.0921930 0.9381005 0.3295914 0.0532685
1311868257.317019 -1.0851716 -0.1479329 2.7342229 0.0411251 0.9529558 0.2977187 0.0393373
1311868257.684916 -1.0767617 -0.1434877 2.7825923 0.0151180 0.9614983 0.2712615 0.0413483
1311868257.717951 -1.0744821 -0.1435004 2.7832665 0.0147341 0.9614994 0.2711646 0.0420904
1311868258.384969 -1.0593203 -0.1074547 2.7818503 -0.0317892 0.9693699 0.2369553 0.0562468
1311868258.785039 -1.0547663 -0.0788354 2.7768950 -0.0374543 0.9839074 0.1677270 0.0488987
1311868258.885648 -1.0509876 -0.0729861 2.7784140 -0.0457307 0.9861889 0.1525791 0.0453831
1311868259.285039 -1.0419405 -0.0548244 2.7708447 -0.0890810 0.9901295 0.0998947 0.0415845
1311868259.316960 -1.0426075 -0.0537331 2.7703722 -0.0935309 0.9899890 0.0972604 0.0414031
1311868259.917493 -1.0206698 -0.0307447 2.7996924 -0.1501380 0.9872141 0.0534721 -0.0027653
1311868260.588498 -1.0223929 -0.0373732 2.7886896 -0.1316323 0.9881033 0.0775419 0.0176632
1311868261.250674 -1.0291556 -0.0432074 2.7682273 -0.1338101 0.9855728 0.0903006 0.0508620
1311868261.917121 -1.0296485 -0.0446472 2.7644408 -0.1337473 0.9844207 0.0979619 0.0585758
1311868262.585111 -1.0301710 -0.0441546 2.7643991 -0.1318958 0.9848564 0.0962637 0.0582634
