1311868164.363181 -0.0000000 -0.0000000 -0.0000000 0.0000000 0.0000000 0.0000000 1.0000000
1311868164.698987 0.0241919 0.0063873 -0.0270203 -0.0035536 0.0002386 -0.0150263 0.9998807
1311868165.363060 0.2060291 0.0182326 -0.0623327 0.0086678 -0.0453336 -0.0362976 0.9982746
1311868166.031204 0.3037488 0.0636122 -0.1288950 -0.0121374 -0.0218843 -0.0306624 0.9992165
1311868166.699270 0.3302121 0.1397273 -0.2224360 -0.0526299 0.0075158 -0.0217116 0.9983497
1311868167.363275 0.5275139 0.1319183 -0.2449412 -0.0347339 -0.0572463 -0.0613437 0.9958681
1311868168.031266 0.6270785 0.1079395 -0.2262809 -0.0410499 -0.0767294 -0.0543419 0.9947233
1311868168.699557 0.6278942 0.0281527 -0.1166706 -0.0264697 -0.0922679 -0.0684114 0.9930286
1311868169.299529 0.6511967 -0.0547433 -0.0207131 -0.0038413 -0.1561660 -0.0974093 0.9829083
1311868169.663240 0.6938083 -0.1311039 0.0416699 0.0316419 -0.2146801 -0.1410023 0.9659346
1311868170.331325 0.8039188 -0.1844687 0.0497070 0.0407707 -0.2431045 -0.1192978 0.9617723
1311868170.999483 0.9183670 -0.1516372 -0.0141488 0.0260062 -0.2458858 -0.1341299 0.9596213
1311868171.663411 1.0619695 -0.1404576 0.0035908 0.0185058 -0.2877543 -0.1709697 0.9421382
1311868172.331546 1.2133247 -0.1216907 0.0780789 -0.0204427 -0.2997097 -0.1979248 0.9330499
1311868172.999602 1.2864790 -0.1116267 0.2137226 -0.0823745 -0.2772957 -0.2173437 0.9322463
1311868173.667986 1.3182802 -0.1867603 0.3387517 -0.0800021 -0.2872041 -0.2217488 0.9284077
1311868174.099508 1.3682501 -0.2582609 0.4049172 -0.0550362 -0.3475398 -0.2560049 0.9003602
1311868174.767680 1.4359115 -0.3450124 0.5082240 -0.0428805 -0.3980028 -0.2643645 0.8774203
1311868175.299978 1.3867068 -0.4403054 0.5632517 0.0341283 -0.4101906 -0.2434328 0.8782479
1311868175.867687 1.3775302 -0.5251545 0.6618203 0.0654162 -0.4597140 -0.2027917 0.8621249
1311868175.899663 1.3789635 -0.5295919 0.6711387 0.0670277 -0.4638403 -0.2029129 0.8597592
1311868176.331871 1.4432418 -0.5922936 0.7821826 0.0661837 -0.5119298 -0.2427129 0.8213636
1311868176.367752 1.4520196 -0.5964844 0.7953159 0.0642859 -0.5133472 -0.2448187 0.8200035
1311868177.031966 1.4979872 -0.6403431 0.9388905 0.0294917 -0.5204269 -0.2624674 0.8120326
1311868177.699913 1.4508338 -0.6937536 1.0868858 0.0165145 -0.5119611 -0.2890461 0.8087493
1311868178.068015 1.4754181 -0.7093796 1.1639044 0.0040973 -0.5514370 -0.3121003 0.7736239
1311868178.731905 1.5789278 -0.7395270 1.2703978 -0.0157119 -0.5987155 -0.3356748 0.7270594
1311868178.799974 1.5967498 -0.7403518 1.2685723 -0.0158250 -0.6001295 -0.3358960 0.7257878
1311868179.467999 1.8082505 -0.7368892 1.2532434 -0.0433119 -0.5861877 -0.3452207 0.7316630
1311868180.131924 1.9668136 -0.7622768 1.3268672 -0.0544117 -0.5869356 -0.3614041 0.7224493
1311868180.268004 1.9913129 -0.7709455 1.3558346 -0.0614868 -0.5934972 -0.3631518 0.7156125
1311868180.932135 2.0723557 -0.7998874 1.4582604 -0.0758407 -0.6064180 -0.3692819 0.7000974
1311868181.600115 2.0246122 -0.8319675 1.5219810 -0.0744994 -0.5920045 -0.3719976 0.7110544
1311868182.268066 1.8195384 -0.8673937 1.5670332 -0.0681033 -0.5882906 -0.3619995 0.7198836
1311868182.700341 1.6843729 -0.9206647 1.6212758 -0.0533195 -0.6077895 -0.3482375 0.7116738
1311868182.900229 1.6190858 -0.9455732 1.6571164 -0.0390686 -0.6366028 -0.3491150 0.6865342
1311868182.936274 1.6082766 -0.9491192 1.6626294 -0.0355891 -0.6415390 -0.3508843 0.6812059
1311868183.336308 1.4473805 -1.0371802 1.7280041 -0.0037673 -0.6842561 -0.3801636 0.6222981
1311868183.436153 1.4160725 -1.0496640 1.7396976 -0.0005703 -0.6953306 -0.3831164 0.6080599
1311868184.100684 1.1985487 -1.1159730 1.7698857 -0.0332335 -0.7146864 -0.3724389 0.5911076
1311868184.468412 1.0920742 -1.1386602 1.7955766 -0.0302648 -0.7204014 -0.3625642 0.5904685
1311868184.936308 0.9514416 -1.1907748 1.8495932 -0.0112824 -0.7668671 -0.3549951 0.5345709
1311868185.268543 0.8588775 -1.2203940 1.8789501 -0.0017754 -0.7843481 -0.3578008 0.5067284
1311868185.436438 0.8183854 -1.2234340 1.8928987 0.0039805 -0.7889726 -0.3433441 0.5095305
1311868185.568460 0.7893906 -1.2271490 1.8991716 0.0172054 -0.7850375 -0.3365061 0.5197920
1311868185.768630 0.7499244 -1.2344543 1.9056017 0.0277408 -0.7878443 -0.3181392 0.5266111
1311868186.300401 0.6700710 -1.2305536 1.9653198 -0.0101598 0.8180636 0.3419951 -0.4622857
1311868186.869317 0.6853628 -1.2350255 2.0493894 0.0133464 0.8380380 0.3716192 -0.3992660
1311868187.537564 0.8090296 -1.2693048 2.1362522 0.0218567 0.8109072 0.4028315 -0.4238851
1311868188.200610 0.8109861 -1.3025967 2.3092890 0.0335469 0.8282335 0.4170960 -0.3727396
1311868188.836521 0.8589238 -1.3017285 2.4667325 0.0569719 0.8191184 0.4627086 -0.3342156
1311868188.868469 0.8687040 -1.3009942 2.4725945 0.0585906 0.8177680 0.4640104 -0.3354355
1311868189.536633 1.0427055 -1.3279560 2.5929737 0.0785560 0.7885271 0.4993203 -0.3503331
1311868190.036745 1.0521803 -1.3702576 2.7194033 0.0841846 0.7818567 0.5035161 -0.3578889
1311868190.568647 1.0360622 -1.4382397 2.8542449 0.0824791 0.7813235 0.4972551 -0.3680599
1311868191.236855 1.0141397 -1.4692521 2.9278793 0.0876369 0.7809736 0.4983222 -0.3661626
1311868191.904702 0.9731112 -1.4937893 2.9450324 0.0801234 0.7814521 0.4946924 -0.3717424
1311868192.571208 0.8846642 -1.4858119 2.8773713 0.0733433 0.7746624 0.4914863 -0.3911013
1311868193.238476 0.8227660 -1.4870881 2.7949677 0.0724487 0.7961486 0.4826256 -0.3577305
1311868193.909419 0.7305790 -1.5506663 2.7538884 0.0436982 0.8214101 0.4805171 -0.3041042
1311868194.568867 0.6889416 -1.6053054 2.7234299 0.0430470 0.8288878 0.4696384 -0.3008849
1311868195.238370 0.6552252 -1.6513215 2.7524300 0.0434331 0.8387734 0.4493735 -0.3043621
1311868195.906456 0.6355189 -1.6672654 2.8897722 0.0338058 0.8215273 0.4609510 -0.3338776
1311868196.569054 0.7343392 -1.6691811 2.9953985 0.0764691 0.7909950 0.4725429 -0.3810284
1311868197.237163 0.7265431 -1.7027066 3.1406715 0.0817235 0.7795535 0.4880698 -0.3839343
1311868197.905203 0.6585761 -1.7168987 3.2939458 0.0932017 0.7787880 0.5195141 -0.3389804
1311868198.537261 0.5733184 -1.7139575 3.3498929 0.1014086 0.7693337 0.5258690 -0.3482869
1311868198.605102 0.5624393 -1.7099890 3.3480239 0.0975393 0.7693067 0.5277780 -0.3465599
1311868199.269349 0.4534780 -1.6954563 3.3425930 0.0960483 0.7772560 0.5368180 -0.3138062
1311868199.937209 0.3601463 -1.6884401 3.3534524 0.0919401 0.7960324 0.5421723 -0.2528410
1311868200.573293 0.2206902 -1.7312367 3.4435022 0.0782232 0.8043903 0.5584247 -0.1870808
1311868200.605204 0.2140873 -1.7282317 3.4508495 0.0768752 0.8051708 0.5577103 -0.1864117
1311868201.273379 0.1361194 -1.7503583 3.5035422 0.0869217 0.8092557 0.5551154 -0.1714550
1311868201.937456 0.0716709 -1.7381244 3.5057535 0.0821799 0.8079562 0.5603448 -0.1626871
1311868202.237472 0.0374863 -1.7338812 3.5175402 0.0749482 0.8039713 0.5707195 -0.1493058
1311868202.305308 0.0253801 -1.7302022 3.5191331 0.0735908 0.8021601 0.5751168 -0.1427036
1311868202.973443 -0.1029267 -1.7453501 3.5273852 0.0534536 0.8130402 0.5653887 -0.1282340
1311868203.605369 -0.1458326 -1.8043387 3.4247749 0.0550225 0.8374407 0.5404627 -0.0597126
1311868204.273553 -0.2763268 -1.8824363 3.3005152 0.0458595 0.8379540 0.5437856 -0.0052132
1311868204.937718 -0.3832414 -1.9600637 3.2178230 0.0428444 0.8274693 0.5584207 0.0403140
1311868205.605542 -0.4517369 -2.0421588 3.1654167 0.0442426 0.8607202 0.5063552 0.0284194
1311868206.273560 -0.4851207 -2.0814447 3.1091619 0.0408118 0.8817983 0.4698553 -0.0014812
1311868206.938074 -0.4929451 -2.0031302 3.1378322 0.0157437 0.8721437 0.4886553 0.0182623
1311868207.605696 -0.6041207 -1.9347992 3.2195377 0.0196912 0.8634713 0.5008532 0.0563531
1311868208.273904 -0.6921388 -1.8721056 3.3168325 -0.0016579 0.8524129 0.5205468 0.0491995
1311868208.937746 -0.7695929 -1.7963746 3.4125440 0.0162374 0.8351241 0.5475013 0.0504611
1311868209.606012 -0.8177986 -1.6734264 3.4181840 0.0284299 0.8227047 0.5659577 0.0451730
1311868210.273969 -0.8442336 -1.6052881 3.3865647 0.0194476 0.8269400 0.5589600 0.0579289
1311868210.942021 -0.8735468 -1.5796067 3.3769135 0.0198545 0.8246749 0.5581251 0.0895177
1311868211.606012 -1.0420558 -1.5665529 3.3742917 0.0052019 0.8198103 0.5588788 0.1246535
1311868212.274255 -1.2026329 -1.5524856 3.4090791 0.0044260 0.8145219 0.5654210 0.1297444
1311868212.942123 -1.2633899 -1.5475885 3.3698566 0.0002336 0.8201229 0.5620968 0.1069843
1311868213.608357 -1.3187912 -1.5188161 3.2820530 -0.0102087 0.8208114 0.5535414 0.1405573
1311868214.274221 -1.3669028 -1.4963078 3.2122641 0.0126968 0.8224918 0.5428259 0.1693699
1311868214.942194 -1.4220933 -1.4812443 3.1429262 0.0042693 0.8179304 0.5261043 0.2327787
1311868215.606249 -1.4556570 -1.4946511 3.0479591 -0.0205610 0.8129781 0.5073579 0.2850119
1311868216.275879 -1.4412522 -1.5594389 2.9329448 -0.0106163 0.8106000 0.4914027 0.3183370
1311868216.942380 -1.4660339 -1.6047847 2.8343248 0.0032718 0.8177920 0.4763107 0.3230071
1311868217.606343 -1.4803901 -1.6387058 2.7928019 0.0041817 0.8302305 0.4624670 0.3111658
1311868218.274613 -1.4508858 -1.6051216 2.8076043 0.0063762 0.8347670 0.4536784 0.3119283
1311868218.942390 -1.5161535 -1.5391605 2.8271141 0.0104833 0.8296473 0.4478739 0.3331432
1311868219.610673 -1.5828959 -1.3873786 2.8829060 0.0200977 0.8096462 0.4649649 0.3575986
1311868220.274890 -1.6119047 -1.2811248 2.9606533 0.0379382 0.7819165 0.4826714 0.3926775
1311868220.942980 -1.6806800 -1.2033131 3.0203342 0.0133116 0.7558051 0.5076145 0.4134113
1311868221.010492 -1.6913114 -1.1966417 3.0259542 0.0117294 0.7562416 0.5058703 0.4147967
1311868221.674631 -1.7293251 -1.1901405 3.0397251 0.0050109 0.7575564 0.5047137 0.4139410
1311868222.343002 -1.7665193 -1.1808476 3.0078657 0.0095341 0.7605510 0.5142668 0.3962335
1311868223.012381 -1.8045676 -1.1444075 2.9300842 -0.0035866 0.7416400 0.5131156 0.4320529
1311868223.674789 -1.8336023 -1.1212448 2.8693724 -0.0001885 0.7375032 0.5046186 0.4488308
1311868224.342895 -1.8931396 -1.0948207 2.8125634 0.0110009 0.7302983 0.4970125 0.4685317
1311868225.012002 -2.0029390 -1.0489798 2.7329614 -0.0020725 0.7259707 0.4807417 0.4917822
1311868225.678868 -2.0872478 -1.0259050 2.6850891 -0.0000779 0.7173138 0.4747718 0.5099536
1311868226.345151 -2.1393001 -0.9963856 2.6506281 -0.0042652 0.7147831 0.4669935 0.5205612
1311868227.010946 -2.1567516 -0.9585753 2.4980760 0.0025962 0.7104357 0.4678432 0.5257348
1311868227.679026 -2.1519051 -0.9190294 2.3429458 0.0136384 0.6959791 0.4525201 0.5573622
1311868228.214746 -2.1910279 -0.8757249 2.2606664 0.0040769 0.6601731 0.4230623 0.6206232
1311868228.479553 -2.2297049 -0.8597820 2.2086115 0.0032056 0.6483802 0.4157618 0.6377577
1311868229.148295 -2.2816238 -0.8122516 2.0793843 -0.0033799 0.6415243 0.4099934 0.6483368
1311868229.812669 -2.1703463 -0.8561755 1.9597970 -0.0205573 0.6292238 0.4279377 0.6484783
1311868230.147393 -2.0837770 -0.8939790 1.8947067 -0.0210027 0.6269941 0.4346263 0.6461712
1311868230.180570 -2.0697365 -0.8931714 1.8822148 -0.0197532 0.6292166 0.4338740 0.6445538
1311868230.643420 -1.9754233 -0.9351587 1.7837501 -0.0086705 0.6287541 0.4619159 0.6254812
1311868230.682847 -1.9718909 -0.9368652 1.7783688 -0.0048174 0.6307805 0.4584707 0.6260172
1311868231.343237 -1.8789830 -0.9796575 1.6529746 -0.0653331 0.6324698 0.4315153 0.6399282
1311868231.911236 -1.7664462 -1.0478461 1.6064556 -0.0855397 0.6267425 0.4404469 0.6370897
1311868231.943245 -1.7582932 -1.0534874 1.6041046 -0.0874638 0.6258692 0.4398272 0.6381143
1311868232.443259 -1.6548402 -1.1280198 1.5829444 -0.0984983 0.6215876 0.4473839 0.6354326
1311868232.611461 -1.6278377 -1.1535187 1.5813302 -0.0978640 0.6298125 0.4477074 0.6271498
1311868233.279654 -1.6008263 -1.1990050 1.5929068 -0.0752789 0.6335350 0.4226768 0.6436698
1311868233.943472 -1.7092290 -1.1018312 1.5533181 -0.0618480 0.6173258 0.4080361 0.6697688
1311868234.611718 -1.8736904 -1.0173357 1.4752837 -0.0638538 0.6126230 0.3606910 0.7003698
1311868235.279710 -2.0137801 -0.8997002 1.4114941 -0.0657901 0.6004446 0.3696806 0.7060271
1311868235.943694 -2.0686226 -0.7701144 1.3458354 -0.0515344 0.6101875 0.3615849 0.7030447
1311868236.579656 -2.0529926 -0.6520210 1.2842712 -0.0470832 0.5798159 0.3563525 0.7311701
1311868236.679569 -2.0507441 -0.6367028 1.2757497 -0.0386856 0.5735967 0.3529836 0.7381685
1311868237.347705 -2.0760112 -0.5267966 1.2134929 -0.0101658 0.5423055 0.3453082 0.7658744
1311868238.011682 -2.1160867 -0.4076960 1.0508302 -0.0321760 0.5009837 0.3153639 0.8053108
1311868238.679756 -2.1089013 -0.3195772 0.9609142 -0.0346754 0.4859602 0.3188494 0.8130040
1311868238.811727 -2.0977120 -0.3019516 0.9417461 -0.0419648 0.4879547 0.3253016 0.8088993
1311868239.479757 -2.0267951 -0.2380832 0.8728317 -0.0338935 0.4474845 0.3209266 0.8340354
1311868239.912048 -2.0076327 -0.1996259 0.8411047 -0.0467407 0.4173304 0.3011377 0.8561348
1311868239.979870 -2.0060594 -0.1930617 0.8289642 -0.0445832 0.4084444 0.3004279 0.8607721
1311868240.647892 -2.0210633 -0.1056668 0.6827704 -0.0793218 0.3866658 0.2630129 0.8803532
1311868240.911960 -2.0293143 -0.0850826 0.6530472 -0.0787395 0.3866107 0.2734852 0.8772332
1311868241.579911 -1.9158074 -0.1928342 0.6077119 -0.0810333 0.3877774 0.2940660 0.8698204
1311868242.247919 -1.8092251 -0.2681397 0.5208831 -0.0832219 0.3535626 0.2430823 0.8994324
1311868242.912047 -1.7556095 -0.2682153 0.4614263 -0.0674287 0.3265695 0.2192389 0.9169188
1311868243.580031 -1.6896057 -0.2280873 0.3838896 -0.0581613 0.3136882 0.2017662 0.9260169
1311868243.979984 -1.6608503 -0.1737078 0.2896518 -0.0846440 0.2655386 0.1762241 0.9440708
1311868244.112211 -1.6426004 -0.1507944 0.2682354 -0.0804936 0.2484446 0.1696448 0.9502719
1311868244.780046 -1.6008667 -0.0328037 0.1786112 -0.0844192 0.2309164 0.1561546 0.9566435
1311868245.179920 -1.5300343 0.0265717 0.1631003 -0.0977398 0.2521067 0.1528388 0.9505416
1311868245.248256 -1.5198781 0.0268776 0.1523745 -0.0941482 0.2495697 0.1531723 0.9515195
1311868245.548216 -1.4548513 0.0504198 0.1293551 -0.0754409 0.2151431 0.1462526 0.9626174
1311868246.048196 -1.3652240 0.1186743 0.0622846 -0.0921951 0.1914147 0.1590188 0.9641439
1311868246.116229 -1.3539332 0.1244228 0.0534801 -0.0989472 0.1845796 0.1536554 0.9656758
1311868246.280157 -1.3416537 0.1488431 0.0188133 -0.1057539 0.1778713 0.1513535 0.9665765
1311868246.480362 -1.3330250 0.1770322 -0.0303384 -0.1118139 0.1732299 0.1472274 0.9673744
1311868246.548357 -1.3308738 0.1883147 -0.0458704 -0.1142401 0.1740581 0.1481006 0.9668088
1311868246.680335 -1.3290480 0.2050909 -0.0727737 -0.1214493 0.1769219 0.1500373 0.9651101
1311868247.348285 -1.2695763 0.2229557 -0.1304006 -0.1225783 0.1937477 0.1607091 0.9600047
1311868248.016215 -1.1156737 0.1368901 -0.0706434 -0.1134139 0.1871971 0.1462744 0.9647271
1311868248.680356 -0.9316241 0.0639597 -0.0193668 -0.1293993 0.1378321 0.1133720 0.9753999
1311868248.848299 -0.8804166 0.0297968 -0.0223216 -0.1475399 0.1188708 0.1018231 0.9765929
1311868249.016517 -0.8328060 0.0138055 -0.0094748 -0.1506080 0.1241629 0.1021821 0.9754279
1311868249.080657 -0.8077101 0.0024293 -0.0154980 -0.1518685 0.1271466 0.1003023 0.9750431
1311868249.516272 -0.7277024 -0.0404709 0.0148180 -0.1453372 0.1318912 0.0973291 0.9757094
1311868249.580331 -0.7194541 -0.0548307 0.0244146 -0.1419700 0.1372225 0.0932379 0.9758695
1311868250.248624 -0.6493841 -0.1789537 0.1394546 -0.1271244 0.1444317 0.0938438 0.9768174
1311868250.748430 -0.6161450 -0.2738363 0.1991173 -0.1157362 0.1298858 0.0982068 0.9798419
1311868251.416874 -0.6000626 -0.2674173 0.1909444 -0.1053174 0.1271045 0.0723275 0.9836267
1311868252.081141 -0.4864246 -0.1903616 0.0806192 -0.1038069 0.1123454 0.0590961 0.9864635
1311868252.748687 -0.3265451 -0.1004233 -0.0505373 -0.1229545 0.0830733 0.0318203 0.9884172
1311868253.416763 -0.1808460 -0.0294428 -0.0898207 -0.1366937 0.0892090 0.0426103 0.9856678
1311868253.516704 -0.1563480 -0.0373606 -0.0852398 -0.1430800 0.0910264 0.0456159 0.9844600
1311868253.581530 -0.1385780 -0.0371791 -0.0820226 -0.1435755 0.0894666 0.0446739 0.9845740
1311868254.248926 0.0159707 -0.0070599 -0.0823079 -0.1369550 0.0540743 0.0364709 0.9884276
1311868254.748845 0.1633517 0.0319600 -0.1265082 -0.1647269 -0.0082675 -0.0007025 0.9863043
1311868254.984826 0.2149536 0.0558302 -0.1495043 -0.1732624 -0.0208828 -0.0017595 0.9846527
1311868255.349004 0.2824638 0.0809808 -0.1756095 -0.1746675 -0.0377584 -0.0053921 0.9838884
1311868255.716862 0.3370631 0.0886776 -0.1726554 -0.1713158 -0.0395066 -0.0027126 0.9844200
1311868256.084847 0.4244097 0.0688967 -0.1416362 -0.1778141 -0.0488943 -0.0090716 0.9828068
1311868256.749056 0.5864730 0.0019221 -0.0764035 -0.1535902 -0.0664028 -0.0241336 0.9856055
1311868257.348967 0.7141167 -0.0684363 -0.0288026 -0.1576514 -0.1176282 -0.0776415 0.9773850
1311868257.384936 0.7178586 -0.0764642 -0.0244851 -0.1613624 -0.1192437 -0.0810762 0.9763041
1311868258.048909 0.8124881 -0.1871020 0.0287530 -0.1636689 -0.1818557 -0.1281703 0.9611001
1311868258.716929 0.8215777 -0.3555040 0.1660055 -0.1708025 -0.2049851 -0.1426718 0.9531277
1311868259.385116 0.8635415 -0.4604230 0.3007143 -0.1450038 -0.2498556 -0.1718704 0.9418103
1311868260.049125 0.9557229 -0.4905037 0.3780068 -0.1227967 -0.2682289 -0.1907780 0.9362574
1311868260.717031 0.9166528 -0.4581574 0.3610028 -0.1374204 -0.2784278 -0.1884491 0.9317084
1311868261.385162 0.8826979 -0.4487682 0.3486183 -0.1412856 -0.2864601 -0.1947725 0.9273849
1311868262.053615 0.8783402 -0.4471129 0.3499553 -0.1468508 -0.2878775 -0.1978235 0.9254336
1311868262.721190 0.8789923 -0.4509723 0.3503489 -0.1457624 -0.2848155 -0.1928484 0.9276007
