1311868164.363181 -0.0000000 -0.0000000 -0.0000000 0.0000000 0.0000000 0.0000000 1.0000000
1311868164.698987 0.0152163 0.0137207 -0.0717591 -0.0024870 0.0046278 -0.0200196 0.9997858
1311868165.363060 0.2209098 0.0164483 -0.1454462 0.0070550 -0.0340629 -0.0438526 0.9984322
1311868166.031204 0.3049061 0.0581914 -0.2871822 -0.0176775 0.0011712 -0.0410963 0.9989981
1311868166.699270 0.2071430 0.1743419 -0.4816173 -0.0550441 0.0611213 -0.0347968 0.9960037
1311868167.363275 0.4380467 0.1753748 -0.5366558 -0.0356593 0.0029075 -0.0774994 0.9963502
1311868168.031266 0.4400072 0.1997654 -0.6217111 -0.0302823 0.0153759 -0.0748337 0.9966176
1311868168.699557 0.5773322 0.0472213 -0.3846994 -0.0239679 -0.0292033 -0.0863631 0.9955472
1311868169.299529 0.9454125 -0.2709656 -0.0699578 -0.0553198 -0.1832216 -0.0848143 0.9778426
1311868169.631327 0.7919957 -0.1876495 -0.1211631 0.0231387 -0.1784719 -0.1497466 0.9722080
1311868170.299432 0.9254953 -0.2581003 -0.1083879 0.0375932 -0.2113570 -0.1274137 0.9683391
1311868170.963440 1.0871941 -0.2226175 -0.2189515 0.0180402 -0.2153080 -0.1429873 0.9658528
1311868171.631528 1.2854030 -0.2109294 -0.2075082 0.0125147 -0.2574163 -0.1755542 0.9501374
1311868172.299544 1.5078601 -0.2049204 -0.1198486 -0.0297030 -0.2737891 -0.2013869 0.9400003
1311868172.963571 1.5765698 -0.2405459 -0.0131117 -0.1046755 -0.2350218 -0.2324449 0.9379644
1311868173.631603 1.6371727 -0.3258962 0.1823102 -0.0997431 -0.2482401 -0.2347234 0.9345229
1311868174.099508 1.6763449 -0.3964611 0.2668530 -0.0704634 -0.3056614 -0.2712228 0.9099693
1311868174.499672 1.7677159 -0.4577340 0.3520925 -0.0586535 -0.3403293 -0.2864563 0.8936881
1311868175.167807 1.7558100 -0.5968146 0.4808723 -0.0143799 -0.3721777 -0.2681081 0.8884791
1311868175.199578 1.7504885 -0.6115286 0.4832079 -0.0046075 -0.3740842 -0.2690209 0.8875064
1311868175.567800 1.7273858 -0.6645526 0.5671681 0.0429092 -0.4031052 -0.2220874 0.8867594
1311868175.667696 1.7155055 -0.6883259 0.5850091 0.0469274 -0.4108214 -0.2213640 0.8831883
1311868176.199892 1.7709652 -0.8025944 0.7004302 0.0678189 -0.4660198 -0.2554924 0.8443635
1311868176.299834 1.7916579 -0.8240722 0.7275496 0.0607688 -0.4724582 -0.2650197 0.8383644
1311868176.967856 1.7895439 -0.9076020 0.7987928 0.0175448 -0.4524690 -0.3037740 0.8382633
1311868177.632083 1.6934732 -0.9783759 0.9282261 0.0024331 -0.4260353 -0.3389022 0.8388285
1311868178.131987 1.7459052 -0.9591957 0.9929227 -0.0065547 -0.4601461 -0.3725887 0.8058538
1311868178.332180 1.7706661 -0.9889590 1.0039153 0.0001905 -0.4588770 -0.3929986 0.7968588
1311868179.000009 1.9055035 -1.0572419 0.8805916 -0.0424577 -0.4667055 -0.4091598 0.7829251
1311868179.132026 1.9616581 -1.0419177 0.8278913 -0.0498740 -0.4600820 -0.4055651 0.7882602
1311868179.800056 2.2363234 -1.0290239 0.8571727 -0.0707504 -0.4408852 -0.4038751 0.7984357
1311868180.068076 2.2337132 -1.0809731 0.7819324 -0.0796149 -0.4350827 -0.4285533 0.7878494
1311868180.331912 2.1401463 -1.0985818 0.5699728 -0.1000042 -0.3951403 -0.4541222 0.7922350
1311868181.000013 2.2359216 -1.0985485 0.5259026 -0.1025369 -0.3788984 -0.4558415 0.7988308
1311868181.668011 2.3458571 -1.2657188 0.9684674 -0.1129496 -0.4296833 -0.4416169 0.7794801
1311868182.336153 2.2334726 -1.2727824 1.3696885 -0.0956516 -0.4770797 -0.4070056 0.7730408
1311868182.868215 1.9826946 -1.3664374 1.3780025 -0.0659023 -0.5005634 -0.4146902 0.7570503
1311868182.900229 2.0784993 -1.3078496 1.5851762 -0.0515369 -0.5471832 -0.3855828 0.7411211
1311868183.000259 2.1903677 -1.1233940 1.9274271 -0.0038767 -0.6225057 -0.3287782 0.7101946
1311868183.168211 2.0143614 -1.3277131 1.9554875 -0.0261827 -0.6360249 -0.3612999 0.6813583
1311868183.468217 1.8774446 -1.3640827 2.0209143 -0.0130107 -0.6687411 -0.3768034 0.6408082
1311868183.500255 1.8668110 -1.3705401 2.0192957 -0.0200508 -0.6732414 -0.3751809 0.6368542
1311868183.968498 1.6526124 -1.4110365 2.1019022 -0.0547107 -0.6912082 -0.3723049 0.6169497
1311868184.000440 1.6371911 -1.4201057 2.1054640 -0.0489285 -0.6909930 -0.3719912 0.6178651
1311868184.336293 1.5142558 -1.4432058 2.1372340 -0.0363636 -0.6896920 -0.3515737 0.6319799
1311868184.536326 1.4384909 -1.4534043 2.1682558 -0.0330087 -0.6998740 -0.3458371 0.6240861
1311868184.800366 1.4050735 -1.2931130 2.5108140 0.0070597 -0.7825309 -0.2747957 0.5586439
1311868184.836324 1.3141818 -1.4885584 2.2340410 -0.0224745 -0.7362030 -0.3422737 0.5833942
1311868185.436438 1.1061625 -1.5447141 2.3200328 -0.0000406 -0.7690088 -0.3313232 0.5466722
1311868185.600364 1.0721574 -1.5026819 2.3771751 0.0261530 -0.7734611 -0.3097822 0.5523666
1311868185.636409 1.0631814 -1.5545408 2.3328400 0.0237910 -0.7657593 -0.3217041 0.5563749
1311868185.668624 1.0501516 -1.5549998 2.3359776 0.0262324 -0.7662755 -0.3191659 0.5570160
1311868185.836824 1.0133175 -1.5316799 2.3635986 0.0260044 -0.7713708 -0.2964347 0.5625277
1311868185.968391 0.9919929 -1.5539074 2.3657911 0.0164275 -0.7750987 -0.3054565 0.5528547
1311868186.368410 0.9292971 -1.5428617 2.4564445 -0.0072326 0.8102461 0.3323616 -0.4826849
1311868187.036707 1.0039313 -1.5831223 2.5509908 0.0195709 0.8223157 0.3618188 -0.4387494
1311868187.700555 1.1543281 -1.6211507 2.6634543 0.0338520 0.7936125 0.3914865 -0.4645122
1311868188.300900 1.1505119 -1.6625443 2.9197674 0.0457158 0.8169098 0.4153177 -0.3975922
1311868188.368537 1.1163949 -1.5198069 3.1215105 0.0342711 0.8442026 0.3834970 -0.3729309
1311868189.000574 1.2699128 -1.3045527 3.4608207 0.0629462 0.8713766 0.3581481 -0.3293487
1311868189.668663 1.3632514 -2.0224459 2.8811502 0.1497129 0.7114546 0.5673535 -0.3866890
1311868190.302512 1.3562760 -2.2785707 2.8443544 0.1596830 0.6585930 0.6045681 -0.4186334
1311868190.771375 1.4722940 -2.0684471 3.3680749 0.1342892 0.7302310 0.5240915 -0.4172015
1311868191.436687 1.4908624 -2.0670984 3.4629431 0.1288065 0.7357339 0.5179326 -0.4169535
1311868192.105561 1.4099548 -2.0237696 3.5467479 0.1191986 0.7425367 0.5073416 -0.4207559
1311868192.770014 1.2797598 -1.9911004 3.4662821 0.1098757 0.7486675 0.4956499 -0.4263278
1311868193.438985 1.1636252 -1.4167032 3.8713648 0.0154899 0.8776767 0.3543465 -0.3223075
1311868194.108743 1.0561098 -1.7078650 3.6762881 0.0380717 0.8628419 0.3954400 -0.3125404
1311868194.768994 1.0180589 -1.8351742 3.5808308 0.0515146 0.8578146 0.3956521 -0.3239748
1311868195.441781 0.9617725 -1.9636070 3.6211512 0.0653454 0.8503987 0.3971782 -0.3388236
1311868196.107842 0.9972053 -1.6547142 3.9304187 0.0248647 0.8637358 0.3584788 -0.3533203
1311868196.737079 1.1813231 -2.1417234 3.7977285 0.1107294 0.7687563 0.4607672 -0.4294721
1311868197.405204 1.1631813 -2.3547652 3.9098659 0.1026966 0.7491928 0.5141871 -0.4046915
1311868198.069220 1.0729454 -2.2685313 4.3420601 0.1230474 0.7742023 0.5022645 -0.3649662
1311868198.737178 1.0012807 -2.2698097 4.3648977 0.1215929 0.7646989 0.5104858 -0.3739721
1311868199.405159 0.8519152 -2.2961655 4.2878895 0.1148637 0.7638481 0.5308644 -0.3486050
1311868200.069418 0.8215570 -2.3333588 4.1742268 0.0965685 0.7695407 0.5546963 -0.3013198
1311868200.705281 0.6730896 -2.3571458 4.3735218 0.0795510 0.7867493 0.5608501 -0.2452435
1311868200.737553 0.6731061 -2.3658874 4.3644319 0.0797549 0.7848033 0.5633030 -0.2457898
1311868201.405299 0.5779895 -2.4321666 4.3812599 0.0872886 0.7816479 0.5697896 -0.2382163
1311868202.073300 0.5307157 -2.3936524 4.4079142 0.0735755 0.7825118 0.5738191 -0.2302034
1311868202.737342 0.4624909 -2.3475957 4.5794687 0.0503576 0.7958759 0.5630316 -0.2168895
1311868203.405460 -0.0598424 -2.0625196 5.2779078 0.0982058 0.9041117 0.4057880 -0.0909601
1311868204.073619 0.3960137 -2.6436782 4.1787925 0.0136577 0.8137292 0.5662202 -0.1305867
1311868204.737693 0.2557168 -2.7282348 4.0931263 -0.0092255 0.8184677 0.5663932 -0.0960424
1311868205.205555 0.1231243 -2.8083389 4.0350366 -0.0009940 0.8263488 0.5572182 -0.0815753
1311868205.873744 -0.1844923 -2.9378910 3.8824716 0.0326698 0.8486786 0.5253655 -0.0516567
1311868206.537710 -0.1636090 -2.8972783 3.8842826 0.0202543 0.8664385 0.4929394 -0.0767121
1311868207.205787 -0.2430275 -2.7890267 4.0062895 -0.0053328 0.8583798 0.5120255 -0.0313948
1311868207.873905 -0.3430421 -2.3401661 4.5689707 0.0146465 0.9000536 0.4343144 -0.0325596
1311868208.537898 -0.2931381 -2.6092463 4.4903021 -0.0224203 0.8528129 0.5187528 -0.0557046
1311868209.205770 -0.7815887 -2.6426661 4.3336077 0.0255698 0.7976605 0.6025631 0.0012727
1311868209.873884 -0.1465619 -2.3820801 4.5882702 -0.0400766 0.8258353 0.5495427 -0.1199701
1311868210.541924 -1.4169940 -2.2398190 4.6477261 0.0987049 0.8244109 0.5481367 0.1007486
1311868211.205845 -1.5606309 -2.3587558 4.0830517 0.0806514 0.7609459 0.6237079 0.1595156
1311868211.873907 -2.2535508 -2.0650866 4.1965427 0.1265428 0.7579958 0.5891896 0.2495692
1311868212.542167 -2.7284367 -1.8195559 4.2902679 0.1727086 0.7587362 0.5654913 0.2733326
1311868213.206347 -2.3408444 -2.0260382 4.6534338 0.1165995 0.8247225 0.5250918 0.1746882
1311868213.874145 -2.1930246 -2.0043845 4.4582930 0.0878766 0.8246755 0.5299536 0.1770233
1311868214.542302 -2.0950835 -2.0901632 4.0325885 0.0667144 0.7922660 0.5694773 0.2087090
1311868215.106202 -2.2391655 -2.0593042 3.5949583 0.0516842 0.7487176 0.5849614 0.3075238
1311868215.774735 -1.8476548 -2.1999655 3.9162068 -0.0015200 0.8053669 0.5253448 0.2745807
1311868216.442339 -2.0255535 -2.2286377 3.3864024 0.0365740 0.7592620 0.5532566 0.3407210
1311868217.042435 -1.4292383 -1.6492409 4.6317649 0.0131976 0.9365224 0.3005189 0.1801113
1311868217.274712 -1.8165143 -2.3124688 3.6649220 0.0187765 0.8325768 0.4842521 0.2682598
1311868217.942466 -1.8085058 -2.2974524 3.6373994 0.0139936 0.8385531 0.4771079 0.2626803
1311868218.610383 -1.8229610 -2.2232275 3.6735144 0.0334452 0.8381597 0.4738896 0.2679521
1311868219.274458 -1.9366479 -2.0844195 3.7372267 0.0261861 0.8357548 0.4616292 0.2961870
1311868219.942611 -1.9953606 -1.8970366 3.8651557 0.0517477 0.8094239 0.4790418 0.3356695
1311868220.611343 -2.0664721 -1.8565127 4.0433965 0.0408097 0.7770695 0.5162393 0.3577633
1311868221.274959 -2.3306878 -1.4399215 2.6579473 0.0628891 0.5386089 0.6538238 0.5276929
1311868221.942672 -2.3744955 -1.4777020 2.6670678 0.0566625 0.5490729 0.6620845 0.5069047
1311868222.610667 -2.4202309 -1.3817229 2.6386771 0.0587423 0.5518692 0.6547509 0.5131187
1311868223.275316 -2.4710741 -1.2426038 2.6283927 0.0646458 0.5434318 0.6320482 0.5486511
1311868223.943036 -2.4510374 -1.3007504 2.6967752 0.0628508 0.5622155 0.6267849 0.5358210
1311868224.611208 -2.5189593 -1.2661786 2.6762474 0.0566438 0.5726984 0.6014038 0.5541855
1311868225.275007 -2.6497273 -1.2163739 2.6826038 0.0508526 0.5896229 0.5791957 0.5606168
1311868225.943096 -2.6376929 -1.0306625 2.3856244 0.0623152 0.5245718 0.5993335 0.6014488
1311868226.610909 -2.6860561 -1.0040678 2.3622594 0.0566223 0.5438970 0.5951855 0.5888330
1311868227.276556 -2.6822615 -1.0903611 2.3752837 0.0455295 0.5843696 0.5687030 0.5770754
1311868227.946163 -2.8034449 -1.1545689 2.5747530 0.0484113 0.6139454 0.5092368 0.6011698
1311868228.612450 -2.8580549 -1.0254705 2.3683391 0.0430441 0.5730492 0.4835877 0.6602308
1311868229.281198 -2.9155807 -0.9998921 2.2856970 0.0405119 0.5849585 0.4732988 0.6573969
1311868229.944417 -2.7741470 -1.1015633 2.2385321 0.0238488 0.5879570 0.4843233 0.6474324
1311868230.245363 -2.7395995 -1.2831465 2.3451986 0.0051889 0.6297188 0.4694795 0.6188831
1311868230.283031 -2.7373517 -1.2806308 2.3443546 0.0061489 0.6323665 0.4661877 0.6186628
1311868230.783163 -2.6089015 -1.3171880 2.2222319 0.0313396 0.6330025 0.4833694 0.6038871
1311868230.812536 -2.6077104 -1.3219998 2.2232347 0.0294801 0.6363405 0.4798135 0.6033081
1311868231.012678 -2.5693641 -1.3199228 2.1615644 0.0110820 0.6370748 0.4735729 0.6080638
1311868231.083967 -2.5545177 -1.3275245 2.1505346 0.0071334 0.6435841 0.4660822 0.6070552
1311868231.343237 -2.5168636 -1.3101480 2.0465565 -0.0299641 0.6289459 0.4680410 0.6200539
1311868231.543183 -2.4658952 -1.3241361 2.0235679 -0.0419026 0.6271624 0.4728330 0.6175277
1311868231.782700 -2.4137690 -1.3778440 2.0254812 -0.0509976 0.6354626 0.4653468 0.6140350
1311868231.811225 -2.4116721 -1.3763485 2.0246542 -0.0498286 0.6355437 0.4671447 0.6126803
1311868232.084470 -2.3397255 -1.4267726 1.9810089 -0.0576662 0.6247792 0.4711646 0.6199431
1311868232.380596 -2.2638755 -1.5020752 1.9802188 -0.0628884 0.6220596 0.4786811 0.6164019
1311868232.443259 -2.2505643 -1.5101335 1.9771484 -0.0589155 0.6259733 0.4816094 0.6105233
1311868233.111321 -2.1778948 -1.5934496 1.9667073 -0.0410679 0.6362309 0.4617951 0.6166595
1311868233.779597 -2.2730284 -1.5292337 1.9767802 -0.0263615 0.6301714 0.4429418 0.6371748
1311868234.443480 -2.4753718 -1.3998616 1.8670950 -0.0256048 0.6236258 0.4025013 0.6696477
1311868235.111629 -2.6886175 -1.2686727 1.8356525 -0.0366150 0.6163274 0.3966915 0.6792906
1311868235.779537 -2.7886040 -1.1079910 1.7615936 -0.0292162 0.6312960 0.3957593 0.6663229
1311868236.443514 -2.7930832 -0.9391463 1.6837413 -0.0304540 0.5982260 0.3858351 0.7016619
1311868236.979635 -2.8134804 -0.8186876 1.6555115 -0.0050270 0.5762695 0.3764702 0.7253677
1311868237.011585 -2.8107295 -0.8119976 1.6578648 -0.0026873 0.5757300 0.3787020 0.7246464
1311868237.047783 -2.8135598 -0.8040364 1.6576500 -0.0001522 0.5753611 0.3789300 0.7248252
1311868237.711933 -2.8667300 -0.6319743 1.4810555 -0.0120113 0.5429429 0.3414451 0.7671270
1311868238.379617 -2.9021409 -0.4508649 1.2854438 -0.0110866 0.5000291 0.3391898 0.7967423
1311868238.911768 -2.8522012 -0.3445167 1.1851449 -0.0163878 0.4929650 0.3498578 0.7964398
1311868239.579832 -2.7778749 -0.2756704 1.1276186 -0.0138187 0.4579764 0.3324986 0.8243248
1311868240.247823 -2.7459934 -0.1858511 1.0005023 -0.0371309 0.4127428 0.3011248 0.8588297
1311868240.911960 -2.8396027 -0.0679792 0.8773330 -0.0568498 0.4119871 0.2849954 0.8636043
1311868241.579911 -2.6815484 -0.2212940 0.8044029 -0.0603155 0.4125298 0.3068224 0.8555940
1311868242.247919 -2.6202602 -0.3781283 0.7342381 -0.0693429 0.3996296 0.2591532 0.8765429
1311868242.412008 -2.6355014 -0.3757375 0.7174677 -0.0623026 0.3879940 0.2548936 0.8835204
1311868243.079963 -2.5978014 -0.3702745 0.6620898 -0.0456644 0.3908384 0.2415513 0.8870249
1311868243.747912 -2.5725477 -0.3552330 0.5544255 -0.0698290 0.3617355 0.2024374 0.9073535
1311868244.412124 -2.5705757 -0.2038563 0.3802578 -0.0782664 0.3072772 0.1788004 0.9313890
1311868245.080152 -2.5083034 -0.1228739 0.2991698 -0.1073910 0.3313846 0.1905973 0.9177821
1311868245.512280 -2.3993030 -0.0250979 0.2155125 -0.0737999 0.3072612 0.1821826 0.9311034
1311868246.180201 -2.3627822 0.1351879 0.0809059 -0.0927644 0.2794875 0.1818777 0.9381908
1311868246.848370 -2.3971739 0.3387503 -0.1483650 -0.1018513 0.2852805 0.1739372 0.9370097
1311868247.516146 -2.1401300 0.3192709 -0.2223873 -0.1053645 0.2718703 0.1801548 0.9394302
1311868248.180377 -2.0125651 0.1212938 -0.0918328 -0.1013742 0.2780168 0.1733212 0.9393560
1311868248.848299 -1.8207161 0.0225927 -0.0965607 -0.1361149 0.2425006 0.1340360 0.9511575
1311868249.248249 -1.5790612 -0.0023422 -0.1038625 -0.1427946 0.2387511 0.1261157 0.9522092
1311868249.516272 -1.5456303 -0.0586132 -0.0680041 -0.1344264 0.2476136 0.1234911 0.9515077
1311868249.980348 -1.4713409 -0.1758390 0.0460805 -0.1237480 0.2686521 0.1222912 0.9473950
1311868250.080466 -1.4617288 -0.2019898 0.0667410 -0.1190615 0.2753334 0.1184681 0.9465628
1311868250.516364 -1.4129028 -0.3051252 0.1446223 -0.1032942 0.2697155 0.1143179 0.9505342
1311868250.716511 -1.3918266 -0.3462669 0.1639363 -0.0963911 0.2610827 0.1205098 0.9529019
1311868251.380800 -1.3795837 -0.3503740 0.1589925 -0.0882727 0.2610805 0.0918303 0.9568762
1311868252.048722 -1.3148066 -0.2696671 0.0047698 -0.0959014 0.2597634 0.0810084 0.9574777
1311868252.716568 -1.1849339 -0.1637674 -0.2367476 -0.1213161 0.2365225 0.0536626 0.9625278
1311868253.381067 -1.0500686 -0.1072485 -0.3426308 -0.1440829 0.2514105 0.0714643 0.9544243
1311868254.049168 -0.8763112 -0.0789062 -0.3885487 -0.1409070 0.2446955 0.0755471 0.9563273
1311868254.648657 -0.6482940 -0.0289379 -0.5337954 -0.1740315 0.1653981 0.0390647 0.9699641
1311868255.316993 -0.5752513 0.0830316 -0.6887133 -0.1820983 0.1470954 0.0339432 0.9716229
1311868255.984771 -0.3496594 0.1005076 -0.7348227 -0.1794509 0.1284089 0.0334133 0.9747780
1311868256.649078 0.0139366 -0.0703743 -0.6660107 -0.1850957 0.0877107 0.0192587 0.9786090
1311868257.317019 0.2639706 -0.2483886 -0.6069111 -0.2113731 0.0275211 -0.0197136 0.9768190
1311868257.985217 0.3835164 -0.3489482 -0.6205243 -0.2040796 -0.0161827 -0.0779649 0.9757106
1311868258.585124 0.4234244 -0.5168700 -0.4630925 -0.2187981 -0.0370703 -0.1083020 0.9690324
1311868258.749015 0.4241070 -0.5779088 -0.4345565 -0.2126355 -0.0453742 -0.0917049 0.9717600
1311868259.085232 0.4747273 -0.6363121 -0.3658315 -0.1962911 -0.0603753 -0.1090849 0.9725869
1311868259.185707 0.4794300 -0.6460237 -0.3413936 -0.1890030 -0.0654741 -0.1168082 0.9728036
1311868259.749049 0.6112387 -0.6907559 -0.2636067 -0.1659007 -0.0805391 -0.1534200 0.9708000
1311868259.917493 0.6394117 -0.6999537 -0.2623164 -0.1587945 -0.0839361 -0.1584854 0.9708869
1311868260.588498 0.6176962 -0.6634449 -0.2538156 -0.1729128 -0.0958144 -0.1457613 0.9693680
1311868261.250674 0.5718253 -0.6486659 -0.2459460 -0.1796388 -0.1137171 -0.1525242 0.9651604
1311868261.917121 0.5664172 -0.6422297 -0.2393661 -0.1858148 -0.1197821 -0.1533067 0.9631314
1311868262.585111 0.5645859 -0.6453696 -0.2411931 -0.1849309 -0.1186100 -0.1510076 0.9638096
