1305031452.791720 -0.0000000 -0.0000000 -0.0000000 0.0000000 0.0000000 0.0000000 1.0000000
1305031452.923715 0.0080137 0.0035835 -0.0049517 -0.0058488 0.0304736 0.0460009 0.9984593
1305031453.091704 0.0318235 -0.0024866 -0.0256593 -0.0066548 0.0778633 0.0462199 0.9958698
1305031453.259670 0.0213608 0.0089183 -0.0997241 -0.0106379 0.1418241 0.0477507 0.9886823
1305031453.423683 0.0065907 0.0121672 -0.2178838 -0.0066601 0.1867936 0.0881377 0.9784148
1305031453.591640 -0.0251094 0.0157456 -0.3874638 0.0174713 0.2097597 0.1174887 0.9705112
1305031453.759694 -0.0611381 0.0389918 -0.6146102 0.0354022 0.1722643 0.1028387 0.9790280
1305031453.927723 -0.0412016 0.0358474 -0.7696964 0.0293195 0.0802268 0.0727507 0.9936858
1305031454.091651 -0.1726083 0.0028791 -0.8514482 0.0207149 0.0121560 0.0285503 0.9993038
1305031454.227671 -1.1195517 -0.9583840 -0.7165669 -0.1023300 0.0740246 0.0446904 0.9909852
1305031454.327699 -2.9205420 0.3867251 0.7770106 0.0338370 0.3655004 -0.1056779 0.9241735
1305031454.427465 -2.9941263 0.6135299 0.9636701 0.0471973 0.3534985 -0.1626208 0.9199814
1305031454.459913 -3.0138512 0.6520643 0.9524524 0.0430048 0.3421009 -0.1815764 0.9209493
1305031454.491617 -3.0295286 0.6497132 0.9398369 0.0361989 0.3339310 -0.1938986 0.9217283
1305031454.559575 -3.0657568 0.7243127 0.9837393 0.0222563 0.3244650 -0.2207077 0.9195190
1305031454.591635 -3.0904212 0.7655932 1.0071356 0.0133989 0.3153112 -0.2381218 0.9185300
1305031454.627580 -3.0964980 0.7670261 0.9920596 0.0035657 0.2995790 -0.2481478 0.9212287
1305031454.691884 -3.1112852 0.8277476 1.0199037 -0.0115039 0.2753150 -0.2584180 0.9258993
1305031454.727659 -3.1078072 0.8214544 0.9799523 -0.0195573 0.2584372 -0.2595496 0.9303020
1305031454.759732 -3.0871677 0.8247663 0.9450580 -0.0230409 0.2478139 -0.2523768 0.9350740
1305031454.791641 -3.0827026 0.8438814 0.9366670 -0.0229074 0.2455256 -0.2438859 0.9379297
1305031454.959648 -3.0766242 0.9691504 0.9120159 -0.0201087 0.2662521 -0.2028318 0.9421065
1305031455.127695 -3.1510439 1.0944399 0.9626058 -0.0131352 0.2845080 -0.1903844 0.9394873
1305031455.291831 -3.2680366 1.1974716 1.0798745 -0.0091672 0.3109665 -0.1542567 0.9377743
1305031455.459589 -3.4079907 1.2474712 1.2164977 -0.0170154 0.3371857 -0.0950967 0.9364683
1305031455.627617 -3.6295495 1.2475481 1.3780292 0.0013319 0.3525992 -0.0299758 0.9352933
1305031455.791666 -3.8686833 1.1821843 1.5136269 0.0067538 0.3767520 -0.0360394 0.9255882
1305031455.959716 -4.0742502 1.1419153 1.6049252 0.0084391 0.3939749 -0.0424222 0.9181029
1305031456.127645 -4.2273297 1.0614510 1.7060529 -0.0250043 0.4197258 -0.0461857 0.9061301
1305031456.291675 -4.3004541 0.9561748 1.8152206 -0.0156890 0.4626712 -0.0370646 0.8856159
1305031456.459610 -4.3385687 0.9582179 2.0161457 0.0174821 0.5135307 -0.0207490 0.8576422
1305031456.627612 -4.2823982 0.9641504 2.1708775 0.0132161 0.5132477 0.0210972 0.8578794
1305031456.791649 -4.2533627 0.8996133 2.4537535 0.0172386 0.5209650 0.0616860 0.8511716
1305031456.959667 -4.1976247 0.9474148 2.6152725 0.0312211 0.5254981 0.0911860 0.8453178
1305031457.127632 -4.2133818 0.8851956 2.7637677 0.0146558 0.5423647 0.1270342 0.8303542
1305031457.191735 -4.2606654 0.8854001 2.8168573 0.0238814 0.5538743 0.1367978 0.8209381
1305031457.359712 -4.4114513 0.8063896 2.9136221 0.0409896 0.5845778 0.1615555 0.7940331
1305031457.527638 -4.6153021 0.6902010 3.0316656 0.0622595 0.6062326 0.1800652 0.7721285
1305031457.691570 -4.8045206 0.6054387 3.1560416 0.0762845 0.6165726 0.1920681 0.7596899
1305031457.859623 -4.9542379 0.4156279 3.2365189 0.0855889 0.6369385 0.1838229 0.7437695
1305031457.891593 -4.9783378 0.3367384 3.2613969 0.0865775 0.6437801 0.1820477 0.7381803
1305031458.059689 -5.0709825 0.2402204 3.4260535 0.1298856 0.6582659 0.1697467 0.7218045
1305031458.191646 -5.0539761 0.1424364 3.6268222 0.1325694 0.6679299 0.1772606 0.7105445
1305031458.259934 -5.0077214 -0.0110718 3.7104824 0.1170512 0.6651174 0.1861658 0.7136246
1305031458.327628 -4.9765897 -0.0472576 3.8196006 0.1291429 0.6598707 0.1810052 0.7177255
1305031458.359590 -4.9489803 -0.1237563 3.8557644 0.1321003 0.6579571 0.1795114 0.7193174
1305031458.427598 -4.9080276 -0.1223203 3.9172609 0.1583876 0.6541523 0.1777508 0.7179157
1305031458.459637 -5.2440124 -0.5309219 3.9057517 0.1424044 0.6657577 0.2019701 0.7040566
1305031458.491696 -4.7606444 -0.0923281 3.7365520 0.1926679 0.6445608 0.1730980 0.7193453
1305031458.527737 -4.8225231 -0.1681401 4.0334086 0.1968303 0.6776246 0.1556169 0.6912786
1305031458.559628 -4.7627702 -0.1641914 4.0374637 0.2013103 0.6819568 0.1522869 0.6864530
1305031458.659623 -4.5829163 -0.0986539 4.1982760 0.2032644 0.6844385 0.1389925 0.6862277
1305031458.827564 -4.3211193 -0.0624345 4.2550673 0.1833156 0.6312180 0.1098741 0.7455783
1305031458.991647 -4.1742220 -0.1507086 4.3772459 0.1868712 0.6420354 0.1186406 0.7340260
1305031459.059631 -4.1350708 -0.2156081 4.4634876 0.2089127 0.6310953 0.1169575 0.7378314
1305031459.091650 -4.1376143 -0.2784964 4.4729185 0.2276342 0.6129102 0.1291963 0.7455415
1305031459.127618 -4.1052547 -0.3082277 4.5091858 0.2441803 0.5892612 0.1276190 0.7595134
1305031459.159639 -4.0591125 -0.3056028 4.5436845 0.2592314 0.5668750 0.1227624 0.7722572
1305031459.191674 -4.0585990 -0.3098255 4.5653014 0.2674913 0.5488950 0.1217500 0.7825213
1305031459.227607 -3.9617586 -0.2977087 4.6076751 0.2798100 0.5339968 0.1292680 0.7873015
1305031459.259760 -3.9223380 -0.2892944 4.6066294 0.2856412 0.5262278 0.1381953 0.7889205
1305031459.291690 -3.9218159 -0.2832476 4.6319265 0.2889216 0.5331594 0.1526802 0.7803551
1305031459.327632 -3.8956532 -0.3066052 4.6334114 0.2941125 0.5421732 0.1743845 0.7675520
1305031459.359651 -3.9152303 -0.3073408 4.6366992 0.3047434 0.5546899 0.1968735 0.7487932
1305031459.391667 -3.9259567 -0.3526198 4.6457186 0.3110013 0.5649934 0.2422847 0.7248164
1305031459.427646 -3.9311328 -0.3352416 4.6634388 0.3145078 0.5821998 0.2795602 0.6956826
1305031459.459679 -3.8764472 -0.2567925 4.7003794 0.3313927 0.5954906 0.3055923 0.6649685
1305031459.491555 -3.8540072 -0.2625073 4.9380665 0.3398067 0.6223082 0.3199937 0.6283852
1305031459.527594 -3.8501663 -0.2725874 4.9335413 0.3421150 0.6215914 0.3591564 0.6062905
1305031459.559647 -3.8050210 -0.2732959 4.8950372 0.3465308 0.6147772 0.3852869 0.5945750
1305031459.591695 -3.8585210 -0.2531545 4.8978357 0.3533802 0.6079912 0.4018715 0.5864882
1305031459.627608 -3.8238394 -0.2693795 4.8931575 0.3556785 0.6001401 0.4153548 0.5837851
1305031459.659641 -3.7960470 -0.2874918 4.8753052 0.3547451 0.5963244 0.4254088 0.5810168
1305031459.691604 -3.7872863 -0.2888339 4.8643827 0.3514972 0.5942059 0.4372574 0.5763463
1305031459.727551 -3.7722743 -0.2692174 4.8480935 0.3495776 0.5909638 0.4394653 0.5791611
1305031459.891596 -3.6988997 -0.1782721 4.7782426 0.3588725 0.5522825 0.4238892 0.6217013
1305031460.059659 -3.6132097 -0.0825672 4.7388477 0.3808034 0.5094302 0.4106304 0.6533394
1305031460.159678 -3.5572605 -0.0365370 4.7262878 0.4136272 0.4658948 0.4040797 0.6697567
1305031460.327512 -3.4875941 0.0384898 4.7699332 0.4484832 0.4558872 0.3923610 0.6611221
1305031460.459620 -3.4225025 0.0593348 4.7696228 0.4570067 0.4688947 0.4049435 0.6382033
1305031460.491504 -3.4103243 0.0461618 4.7680359 0.4536114 0.4740553 0.4168294 0.6290957
1305031460.527570 -3.3944614 0.0471264 4.7742591 0.4534447 0.4756009 0.4263223 0.6216437
1305031460.691671 -3.3185363 0.1186859 4.7839975 0.4630150 0.4787567 0.4270435 0.6115905
1305031460.859714 -3.2543631 0.1755777 4.7781820 0.4631338 0.4733424 0.4109758 0.6265405
1305031461.027620 -3.1736085 0.2344051 4.7924271 0.4806272 0.4651663 0.3899250 0.6329109
1305031461.192013 -3.0966847 0.2601003 4.8190589 0.5085394 0.4565355 0.3567064 0.6369642
1305031461.359709 -3.0453062 0.2637083 4.8260012 0.5179859 0.4651608 0.3293993 0.6378183
1305031461.527705 -2.9942918 0.2699220 4.8411474 0.5247259 0.4690281 0.3193986 0.6345549
1305031461.691563 -2.9716120 0.2440792 4.8389602 0.5120010 0.4968724 0.3377714 0.6139082
1305031461.859767 -2.9679556 0.1853298 4.8438201 0.4869817 0.5147535 0.3906588 0.5875912
1305031461.991590 -2.9808688 0.1459874 4.8632684 0.4470693 0.5260364 0.4481200 0.5679817
1305031462.159646 -2.9855120 0.1397714 4.8723354 0.4232845 0.4942919 0.5071771 0.5650461
1305031462.259765 -2.9921083 0.1506387 4.8929882 0.4006809 0.4943465 0.5180544 0.5715733
1305031462.427635 -3.0165377 0.1896074 4.9797325 0.3542456 0.4961511 0.5088133 0.6078266
1305031462.459897 -3.0310540 0.2032005 4.9815736 0.3408674 0.4909880 0.5050740 0.6226078
1305031462.559862 -3.0541768 0.1548270 4.9428868 0.3034106 0.4702061 0.5143988 0.6498017
1305031462.591862 -3.0573046 0.1546827 4.9471660 0.2934738 0.4728223 0.5082873 0.6572338
1305031462.759782 -3.1022258 0.1869860 4.9446669 0.2703751 0.4752316 0.4710575 0.6922117
1305031462.927607 -3.1608040 0.2451066 4.9115615 0.2484735 0.4696120 0.4647845 0.7083085
1305031463.095809 -3.2490911 0.2904611 4.8627634 0.2467875 0.4753421 0.4421567 0.7194743
1305031463.260034 -3.3364081 0.3346087 4.8054581 0.2395009 0.4936993 0.4166724 0.7247650
1305031463.427716 -3.4064193 0.3877273 4.7371802 0.2387625 0.4973306 0.4049268 0.7291701
1305031463.595600 -3.4260619 0.4756337 4.6519909 0.2374266 0.5111303 0.4096131 0.7173504
1305031463.727588 -3.4485409 0.5482763 4.5763159 0.2473940 0.5279592 0.3960867 0.7093452
1305031463.759674 -3.4556012 0.5677698 4.5608711 0.2511728 0.5388597 0.3843127 0.7062904
1305031463.859910 -3.5240057 0.5767149 4.4587336 0.2397961 0.5639977 0.3573201 0.7047884
1305031463.927664 -3.5696588 0.5937331 4.4074669 0.2393946 0.5749518 0.3421077 0.7036213
1305031463.959680 -3.6020701 0.5864210 4.3800597 0.2369993 0.5799961 0.3324701 0.7049109
1305031464.127681 -3.7457271 0.5856846 4.2423401 0.2313784 0.6019886 0.2872262 0.7082195
1305031464.195585 -3.7873592 0.5771555 4.2118897 0.2438341 0.6016716 0.2679234 0.7118660
1305031464.227624 -3.8270521 0.5759318 4.2046094 0.2524119 0.5988916 0.2577705 0.7149625
1305031464.259644 -3.8480115 0.5900240 4.1896057 0.2599005 0.5887754 0.2499779 0.7233992
1305031464.359684 -3.9261017 0.5941181 4.0943174 0.2594783 0.5692289 0.2208786 0.7482393
1305031464.395611 -4.2191215 0.4324048 4.0071259 0.2322088 0.5848399 0.2115641 0.7478516
1305031464.427634 -4.2409701 0.4381882 3.9864378 0.2278766 0.5894368 0.2013505 0.7483945
1305031464.595698 -4.5487232 0.2249910 3.9558415 0.1890193 0.6320258 0.1665830 0.7328473
1305031464.627672 -4.9039354 -0.1761667 4.2737193 0.1546854 0.6891365 0.1611747 0.6893374
1305031464.659749 -4.6000209 0.2133769 3.8439155 0.1887128 0.6526422 0.1408386 0.7201459
1305031464.695663 -4.6468892 -0.0095193 3.7577019 0.1695794 0.6651927 0.1361509 0.7143000
1305031464.796021 -4.7865591 -0.0962418 3.8260157 0.1614498 0.6880868 0.0716333 0.7038034
1305031464.827759 -4.7358832 -0.0330946 3.7704298 0.1707391 0.6753217 0.0518343 0.7156130
1305031464.927799 -4.7252536 -0.0667359 3.7549932 0.1365036 0.6537024 -0.0055436 0.7443179
1305031465.059749 -4.4033031 0.2648430 3.5647054 0.1427490 0.6298516 -0.0976260 0.7572178
1305031465.095700 -4.8304634 -0.1468247 4.2577949 0.0763202 0.6932102 -0.0833962 0.7118146
1305031465.127664 -4.3889184 0.2036377 3.5404658 0.0917186 0.6147626 -0.1051355 0.7762739
1305031465.295623 -3.9489927 0.5607009 3.5085995 0.0644171 0.5733038 -0.1222644 0.8076043
1305031465.460125 -3.7519460 0.7009925 3.4627461 0.0932794 0.5216722 -0.0877820 0.8434758
1305031465.627688 -3.6496663 0.8594872 3.3075099 0.1208855 0.4929449 -0.0721417 0.8585963
1305031465.795937 -3.5664830 1.0590811 3.1536984 0.1617964 0.4722541 -0.0650482 0.8640410
1305031465.827996 -3.5470285 1.0934057 3.1097488 0.1714370 0.4680863 -0.0652101 0.8644375
1305031465.859861 -3.5231681 1.1583761 3.0768054 0.1833275 0.4666334 -0.0688352 0.8624999
1305031465.895494 -3.4885902 1.2120128 3.0367126 0.1877754 0.4701035 -0.0685511 0.8596766
1305031466.027644 -3.4531498 1.3934145 2.9263301 0.2075431 0.4953198 -0.0892888 0.8388156
1305031466.059757 -3.4427273 1.4644697 2.9122458 0.2081909 0.4987696 -0.0910307 0.8364202
1305031466.095840 -3.4530778 1.5072906 2.8996227 0.2036983 0.5005325 -0.0893883 0.8366504
1305031466.127640 -3.4574199 1.5515900 2.8737502 0.1986141 0.4984432 -0.0875489 0.8393105
1305031466.295737 -3.4774609 1.7254162 2.6719613 0.1657371 0.4836343 -0.0956185 0.8540996
1305031466.459790 -3.5420489 1.8561795 2.4864154 0.1511657 0.5010417 -0.1173287 0.8440024
1305031466.627549 -3.5010793 1.9383154 2.2405863 0.1262286 0.5034608 -0.1114358 0.8474525
1305031466.795604 -3.4795575 2.0178459 2.0218854 0.1124970 0.5053023 -0.1462526 0.8429853
1305031466.959728 -3.4468298 2.0606122 1.8307087 0.1046494 0.4650831 -0.1571574 0.8648975
1305031467.128974 -3.4070463 2.0899503 1.6345651 0.0888888 0.4512014 -0.1802131 0.8695052
1305031467.295846 -3.3687444 2.1256425 1.4810586 0.0787696 0.4291784 -0.2119343 0.8744628
1305031467.459692 -3.3534079 2.1602786 1.2947310 0.0595326 0.4001449 -0.2241481 0.8866214
1305031467.627532 -3.3138618 2.1473169 1.1339200 0.0432465 0.3846475 -0.2311651 0.8926022
1305031467.796075 -3.2199059 2.0737245 1.0201662 0.0570906 0.3640958 -0.2524581 0.8946730
1305031467.959826 -3.0810776 1.9154999 0.9851027 0.0727973 0.3328936 -0.2690572 0.9008278
1305031468.127816 -2.9110484 1.7414167 0.9738644 0.0707098 0.3175418 -0.2823074 0.9024798
1305031468.295830 -2.7624705 1.4951503 0.9339038 0.0616624 0.3133302 -0.2848092 0.9038283
1305031468.459759 -2.7041602 1.2482898 0.8958397 0.0590963 0.3176993 -0.2744848 0.9056671
1305031468.627626 -2.7373693 1.0302812 0.8980300 0.0433102 0.3215304 -0.2922256 0.8996369
1305031468.795796 -2.8127542 0.8000838 0.9531651 0.0386433 0.3016850 -0.3079631 0.9014719
1305031468.859659 -2.8020976 0.7616013 0.9629343 0.0439465 0.2971132 -0.3225851 0.8976254
1305031468.995711 -2.7793071 0.7411337 1.0062182 0.0286750 0.3201036 -0.3104461 0.8946142
1305031469.027699 -2.7960002 0.6990680 1.0289963 0.0071169 0.3263871 -0.3049884 0.8946524
1305031469.095723 -2.7745516 0.6705339 1.0673314 -0.0213486 0.3310113 -0.3076102 0.8918250
1305031469.127679 -2.7583127 0.6271633 1.0689727 -0.0387260 0.3365435 -0.3080212 0.8890229
1305031469.296754 -2.6839502 0.5515935 1.1766925 -0.0753210 0.3692883 -0.3078654 0.8735970
1305031469.459668 -2.5420396 0.5191948 1.2472579 -0.0969864 0.4015107 -0.3179795 0.8533884
1305031469.627752 -2.3861544 0.5876404 1.3574682 -0.1186814 0.4086222 -0.3051714 0.8519466
1305031469.795621 -2.2588618 0.6563078 1.4825327 -0.1407319 0.4281824 -0.2786674 0.8480559
1305031469.959805 -2.1770558 0.8062323 1.6359138 -0.1532603 0.4252918 -0.2558526 0.8545043
1305031470.127633 -2.1724477 0.9783373 1.7853665 -0.1584509 0.4259693 -0.2423567 0.8571503
1305031470.295718 -2.2187970 1.1482661 1.9269843 -0.1634033 0.4313248 -0.2194905 0.8596989
1305031470.459721 -2.2805748 1.3163970 2.0858295 -0.1600116 0.4370091 -0.2012936 0.8619166
1305031470.627729 -2.3444786 1.4195089 2.2250166 -0.1534030 0.4440528 -0.1887803 0.8623495
1305031470.795615 -2.3864126 1.4742981 2.3381927 -0.1497388 0.4542730 -0.1696208 0.8616514
1305031470.959647 -2.4288576 1.5043916 2.4394994 -0.1126488 0.4499065 -0.1655827 0.8703314
1305031471.059636 -2.4776721 1.4792489 2.4898028 -0.0960734 0.4537742 -0.1714141 0.8691813
1305031471.195703 -2.5323501 1.4768848 2.5240381 -0.0636113 0.4542487 -0.1595964 0.8741514
1305031471.227569 -2.5426340 1.4800806 2.5377097 -0.0599501 0.4576105 -0.1557723 0.8733462
1305031471.395730 -2.5827043 1.4637257 2.5855706 -0.0452345 0.4771988 -0.1404168 0.8663246
1305031471.559671 -2.6310296 1.4716424 2.6134064 -0.0292656 0.4804588 -0.1233223 0.8678102
1305031471.727501 -2.6733184 1.4856430 2.6263328 -0.0150212 0.4998748 -0.1101268 0.8589363
1305031471.895604 -2.6905882 1.5152884 2.6410265 -0.0012366 0.5196565 -0.0744097 0.8511279
1305031472.059668 -2.6963577 1.5305619 2.6800528 -0.0068521 0.5455304 -0.0489484 0.8366324
1305031472.227626 -2.7073765 1.5480437 2.7287714 0.0025475 0.5554616 -0.0322277 0.8309135
1305031472.395599 -2.7230015 1.5381908 2.7457721 0.0179724 0.5578093 -0.0325945 0.8291341
1305031472.563587 -2.7304676 1.5004805 2.7403111 0.0229446 0.5564312 -0.0353683 0.8298234
1305031472.727628 -2.7286341 1.4697084 2.7185845 0.0334379 0.5504975 -0.0345793 0.8334498
1305031472.895713 -2.7220173 1.4487997 2.7154303 0.0411565 0.5514001 -0.0394183 0.8322922
1305031473.063684 -2.7102616 1.4345920 2.7130852 0.0398537 0.5473999 -0.0361553 0.8351395
