1305031452.823674 -0.0000000 -0.0000000 -0.0000000 0.0000000 0.0000000 0.0000000 1.0000000
1305031453.191726 0.0273407 0.1056213 -0.0468771 0.0223149 0.1034594 0.0370357 0.9936934
1305031453.259670 0.0371436 0.1480579 -0.0654921 0.0299811 0.1237801 0.0427236 0.9909361
1305031453.323682 0.0321499 0.1444357 -0.0944038 0.0329996 0.1482494 0.0571353 0.9867465
1305031453.423683 0.0159090 0.1900091 -0.1311837 0.0424396 0.1713723 0.0880205 0.9803483
1305031453.591640 -0.0080817 0.2488015 -0.2291306 0.0774803 0.1932590 0.1231892 0.9702949
1305031453.759694 -0.1511828 0.3222480 -0.2953090 0.1102246 0.1856998 0.1022725 0.9710338
1305031453.927723 -0.3075112 0.4066202 -0.2913112 0.1247226 0.1352355 0.0667632 0.9806622
1305031454.091651 -0.3993499 0.4128385 -0.2966104 0.1177412 0.0737576 0.0103801 0.9902470
1305031454.159672 -0.4379313 0.4307707 -0.2810498 0.1221315 0.0462006 -0.0198941 0.9912384
1305031454.191658 -0.4491762 0.4306059 -0.2847690 0.1181389 0.0283140 -0.0341947 0.9920042
1305031454.227671 -0.4571311 0.4301987 -0.2754333 0.1196632 0.0094910 -0.0517881 0.9914175
1305031454.259627 -0.4945120 0.4348831 -0.2845082 0.1222599 0.0027887 -0.0694706 0.9900599
1305031454.291639 -0.4928381 0.4359376 -0.2845598 0.1184628 -0.0076326 -0.0812697 0.9895977
1305031454.327699 -0.4869100 0.4383855 -0.2791848 0.1198513 -0.0230950 -0.0951423 0.9879525
1305031454.359636 -0.4866690 0.4377531 -0.2808773 0.1235494 -0.0368131 -0.1118459 0.9853278
1305031454.391677 -0.4847274 0.4382490 -0.2798339 0.1225883 -0.0478138 -0.1242281 0.9834904
1305031454.427465 -0.4776965 0.4379613 -0.2814345 0.1224241 -0.0657127 -0.1401110 0.9803383
1305031454.459913 -0.4780924 0.4356935 -0.2799259 0.1217810 -0.0775714 -0.1583981 0.9767610
1305031454.491617 -0.4741453 0.4347757 -0.2817169 0.1201498 -0.0854486 -0.1762354 0.9732439
1305031454.527700 -0.4709651 0.4342725 -0.2836173 0.1160062 -0.0948810 -0.1936414 0.9695582
1305031454.591635 -0.4629940 0.4314830 -0.2877548 0.1037745 -0.1182131 -0.2260780 0.9613248
1305031454.627580 -0.4626987 0.4327703 -0.2924014 0.0995273 -0.1325286 -0.2404910 0.9563966
1305031454.659528 -0.4581862 0.4298023 -0.2970612 0.0895367 -0.1481735 -0.2485116 0.9530319
1305031454.691884 -0.4559428 0.4290270 -0.2991755 0.0795057 -0.1652059 -0.2530851 0.9499125
1305031454.727659 -0.4553300 0.4260251 -0.3058497 0.0718438 -0.1782364 -0.2602028 0.9462371
1305031454.759732 -0.4449999 0.4219264 -0.3251334 0.0618921 -0.1860258 -0.2590578 0.9457552
1305031454.791641 -0.4383999 0.4184619 -0.3383492 0.0538841 -0.1899993 -0.2536019 0.9469334
1305031454.827570 -0.4335457 0.4163339 -0.3542493 0.0451105 -0.1898229 -0.2462536 0.9493637
1305031454.859620 -0.4310493 0.4149055 -0.3636642 0.0358177 -0.1863932 -0.2377833 0.9525932
1305031454.891764 -0.4282702 0.4146354 -0.3708642 0.0294123 -0.1811294 -0.2291016 0.9559495
1305031454.927567 -0.4257195 0.4150317 -0.3762057 0.0231525 -0.1758529 -0.2218889 0.9588040
1305031454.959648 -0.4249632 0.4153719 -0.3795202 0.0168514 -0.1713685 -0.2132601 0.9617011
1305031455.127695 -0.4399714 0.4414284 -0.3902991 0.0152509 -0.1553697 -0.1982498 0.9676387
1305031455.191655 -0.4586819 0.4563280 -0.3951393 0.0142217 -0.1417657 -0.1902871 0.9713347
1305031455.259631 -0.4737392 0.4721269 -0.3999739 0.0161434 -0.1309188 -0.1800376 0.9747749
1305031455.327766 -0.4950946 0.4829140 -0.4045438 0.0057801 -0.1179119 -0.1589006 0.9802112
1305031455.359630 -0.4978862 0.4894234 -0.4036126 -0.0003954 -0.1181890 -0.1507333 0.9814839
1305031455.391665 -0.5056819 0.4874603 -0.4026436 -0.0123093 -0.1112748 -0.1415937 0.9835739
1305031455.491637 -0.5380433 0.4894157 -0.4122322 -0.0279734 -0.0920654 -0.1094457 0.9893246
1305031455.559669 -0.5641540 0.4868860 -0.4203499 -0.0341672 -0.0858381 -0.0798655 0.9925150
1305031455.627617 -0.5856873 0.4836283 -0.4251553 -0.0400145 -0.0842654 -0.0533908 0.9942070
1305031455.727628 -0.6247304 0.4788214 -0.4389884 -0.0317092 -0.0720322 -0.0549312 0.9953836
1305031455.759683 -0.6354008 0.4769766 -0.4440235 -0.0309747 -0.0664913 -0.0579783 0.9956194
1305031455.927955 -0.6922328 0.4514595 -0.4742759 -0.0330186 -0.0438474 -0.0601359 0.9966799
1305031456.027770 -0.7180985 0.4523661 -0.4908857 -0.0370892 -0.0271593 -0.0690330 0.9965547
1305031456.159731 -0.7479676 0.4202115 -0.4929268 -0.0643472 -0.0083257 -0.0794392 0.9947259
1305031456.259614 -0.7650447 0.4112811 -0.4905760 -0.0570949 0.0211000 -0.0718201 0.9955586
1305031456.359846 -0.7822300 0.4004477 -0.4852867 -0.0467331 0.0544197 -0.0539326 0.9959648
1305031456.427662 -0.8039094 0.3933581 -0.4704856 -0.0404988 0.0828149 -0.0448997 0.9947289
1305031456.459610 -0.8234605 0.4010318 -0.4675598 -0.0365812 0.0955524 -0.0395093 0.9939671
1305031456.591651 -0.8530758 0.4018945 -0.4370712 -0.0475044 0.1028241 -0.0157690 0.9934394
1305031456.627612 -0.8587382 0.4082902 -0.4302266 -0.0575585 0.1084611 -0.0070099 0.9924082
1305031456.727693 -0.8903565 0.4059287 -0.3989950 -0.0704481 0.1272849 0.0178139 0.9892008
1305031456.827603 -0.9114969 0.4103788 -0.3721212 -0.0685572 0.1166602 0.0396619 0.9900087
1305031456.959667 -0.9368430 0.4163727 -0.3416890 -0.0709503 0.1350017 0.0637301 0.9862449
1305031456.991709 -0.9425221 0.4096015 -0.3323637 -0.0834932 0.1395424 0.0680839 0.9843380
1305031457.159693 -0.9824760 0.4046800 -0.3149809 -0.0970893 0.1712916 0.0943600 0.9758735
1305031457.259691 -1.0101436 0.3867643 -0.3125276 -0.1037510 0.1944580 0.1113749 0.9690291
1305031457.359712 -1.0442610 0.3817466 -0.3207785 -0.0909716 0.2266477 0.1262326 0.9614678
1305031457.391684 -1.0583062 0.3770609 -0.3210926 -0.0846620 0.2407315 0.1324023 0.9577841
1305031457.559685 -1.1213238 0.3522759 -0.3289472 -0.0706868 0.2698453 0.1511009 0.9483435
1305031457.659632 -1.1578016 0.3409165 -0.3313283 -0.0618605 0.2820590 0.1604212 0.9438649
1305031457.791567 -1.1913347 0.2895429 -0.3290705 -0.0723572 0.2929673 0.1594142 0.9399583
1305031457.859623 -1.2155404 0.2826440 -0.3271599 -0.0591844 0.3125157 0.1564519 0.9350690
1305031457.891593 -1.2216423 0.2688119 -0.3210856 -0.0547009 0.3207606 0.1555312 0.9327006
1305031457.959632 -1.2492089 0.2650094 -0.3106694 -0.0316086 0.3329706 0.1580267 0.9290635
1305031458.127605 -1.2853005 0.2411367 -0.2758645 -0.0112927 0.3550777 0.1603762 0.9209082
1305031458.159638 -1.2920613 0.2349134 -0.2639839 -0.0100610 0.3588952 0.1613824 0.9192653
1305031458.259934 -1.3101957 0.2085890 -0.2144170 -0.0240709 0.3612280 0.1665633 0.9171650
1305031458.327628 -1.3216485 0.2078267 -0.1891904 -0.0098808 0.3547078 0.1663681 0.9200035
1305031458.359590 -1.3266982 0.1873112 -0.1741244 -0.0082027 0.3544724 0.1687213 0.9196821
1305031458.391626 -1.3297105 0.1920057 -0.1637765 0.0067642 0.3524045 0.1677048 0.9206739
1305031458.459637 -1.3229792 0.1852125 -0.1455325 0.0279161 0.3558257 0.1805835 0.9165142
1305031458.491696 -1.3149610 0.1846763 -0.1351936 0.0477565 0.3641809 0.1753297 0.9134282
1305031458.527737 -1.3265767 0.1991155 -0.1165136 0.0692365 0.3798082 0.1653738 0.9075260
1305031458.559628 -1.3256969 0.2016084 -0.1029209 0.0755433 0.3890607 0.1610881 0.9038670
1305031458.659623 -1.3330457 0.2302478 -0.0444440 0.0887588 0.3987559 0.1449701 0.9011655
1305031458.691674 -1.3275430 0.2336274 -0.0312700 0.0827545 0.3833960 0.1395217 0.9092265
1305031458.727650 -1.3205214 0.2288489 -0.0217227 0.0778530 0.3696287 0.1328973 0.9163252
1305031458.859887 -1.2960718 0.2385207 0.0101703 0.0764576 0.3230868 0.1096863 0.9368768
1305031458.927621 -1.2984877 0.2487535 0.0241240 0.0842701 0.3329266 0.1041934 0.9333821
1305031458.991647 -1.3010263 0.2252523 0.0415108 0.0750485 0.3445053 0.1235750 0.9275845
1305031459.027665 -1.3109717 0.2205662 0.0553092 0.0849694 0.3461384 0.1199743 0.9265929
1305031459.059631 -1.3205163 0.2146195 0.0717839 0.0958453 0.3435300 0.1270152 0.9255636
1305031459.091650 -1.3415866 0.1932874 0.0763862 0.1029491 0.3348439 0.1378545 0.9264325
1305031459.127618 -1.3495474 0.1871609 0.0954619 0.1165357 0.3158079 0.1400527 0.9311659
1305031459.159639 -1.3547380 0.1848271 0.0996718 0.1269913 0.2914318 0.1412084 0.9375505
1305031459.191674 -1.3564394 0.1877845 0.1102983 0.1372170 0.2734567 0.1449787 0.9409432
1305031459.227607 -1.3598026 0.1853629 0.1194091 0.1413510 0.2618671 0.1555290 0.9419428
1305031459.259760 -1.3511703 0.1952344 0.1280430 0.1472028 0.2547767 0.1649151 0.9413943
1305031459.359651 -1.3532116 0.2051922 0.1452962 0.1565692 0.3030170 0.2109679 0.9160564
1305031459.391667 -1.3581151 0.2196264 0.1616215 0.1624563 0.3287061 0.2370609 0.8996457
