1305031452.791720 -0.0000000 -0.0000000 -0.0000000 0.0000000 0.0000000 0.0000000 1.0000000
1305031452.891726 0.0407834 0.0307980 -0.0121188 0.0044677 0.0189377 0.0445856 0.9988161
1305031453.059754 0.0500683 0.0737891 -0.0310372 0.0103375 0.0598614 0.0515639 0.9968204
1305031453.223689 0.0411005 0.1331972 -0.0793660 0.0193077 0.1286592 0.0552702 0.9899592
1305031453.391690 0.0292567 0.2022202 -0.1663212 0.0295874 0.1790304 0.0971571 0.9785873
1305031453.559753 -0.0139740 0.2590274 -0.2852092 0.0583423 0.2068391 0.1335205 0.9674637
1305031453.727652 -0.1423560 0.3637185 -0.4156324 0.0950414 0.2001230 0.1257102 0.9670134
1305031453.759694 -0.1773690 0.3816264 -0.4230293 0.1004732 0.1931513 0.1175135 0.9689109
1305031453.791716 -0.1966549 0.3988749 -0.4452134 0.1041207 0.1833448 0.1105174 0.9712515
1305031453.827773 -0.2341959 0.4139571 -0.4536002 0.1067428 0.1778914 0.1033754 0.9727662
1305031453.859705 -0.2693430 0.4347530 -0.4571713 0.1096436 0.1659538 0.0957461 0.9753308
1305031453.891710 -0.2985830 0.4414043 -0.4719280 0.1082022 0.1490444 0.0895786 0.9788022
1305031453.927723 -0.3257079 0.4477847 -0.4801072 0.1067828 0.1291109 0.0870822 0.9820104
1305031454.059654 -0.4086428 0.4586199 -0.4760167 0.1032039 0.0754825 0.0423224 0.9908886
1305031454.159672 -0.4936075 0.4728138 -0.4332784 0.1069300 0.0367473 0.0007428 0.9935870
1305031454.191658 -0.5140431 0.4694550 -0.4197550 0.1038154 0.0200429 -0.0132758 0.9943060
1305031454.227671 -0.5395262 0.4470242 -0.4082308 0.1009110 0.0045778 -0.0336167 0.9943168
1305031454.259627 -0.5346220 0.4597284 -0.4438460 0.1057250 -0.0139096 -0.0502375 0.9930282
1305031454.291639 -0.5427833 0.4692882 -0.4413737 0.1033744 -0.0229658 -0.0623316 0.9924218
1305031454.327699 -0.5790289 0.4470768 -0.4196213 0.1005039 -0.0305970 -0.0800551 0.9912386
1305031454.359636 -0.5815623 0.4588760 -0.4280068 0.1064566 -0.0449029 -0.0949847 0.9887511
1305031454.391677 -0.5785745 0.4678629 -0.4260145 0.1075611 -0.0555863 -0.1069086 0.9868695
1305031454.427465 -0.6096742 0.4712056 -0.4036112 0.1086054 -0.0665217 -0.1231954 0.9841762
1305031454.459913 -0.6050808 0.4761792 -0.4252093 0.1088005 -0.0796262 -0.1389813 0.9810740
1305031454.491617 -0.6120572 0.4868435 -0.4236797 0.1093578 -0.0856086 -0.1552717 0.9780607
1305031454.527700 -0.6269768 0.5049484 -0.4161734 0.1080111 -0.0912418 -0.1706709 0.9751307
1305031454.659528 -0.6673287 0.5684582 -0.4085764 0.0930618 -0.1348966 -0.2217874 0.9612246
1305031454.691884 -0.6718513 0.5785050 -0.4035929 0.0864096 -0.1503370 -0.2286724 0.9579359
1305031454.727659 -0.6503832 0.5812665 -0.4118290 0.0812626 -0.1674466 -0.2340501 0.9542424
1305031454.759732 -0.6173078 0.5775819 -0.4261601 0.0733363 -0.1786902 -0.2276325 0.9543977
1305031454.791641 -0.6107073 0.5918031 -0.4265620 0.0699167 -0.1821740 -0.2200734 0.9557678
1305031454.959648 -0.5932671 0.6754913 -0.4381614 0.0509068 -0.1649992 -0.1820053 0.9680175
1305031455.127695 -0.6668751 0.7795978 -0.4609731 0.0533273 -0.1456531 -0.1680824 0.9734935
1305031455.291831 -0.7945623 0.8558907 -0.4709463 0.0405556 -0.1209019 -0.1338672 0.9827602
1305031455.459589 -0.9435358 0.8883005 -0.4943375 0.0067255 -0.0960349 -0.0846101 0.9917526
1305031455.627617 -1.1365283 0.8773576 -0.5470678 -0.0061023 -0.0839156 -0.0184865 0.9962827
1305031455.791666 -1.3295438 0.8324625 -0.6181096 0.0042250 -0.0592814 -0.0211868 0.9980075
1305031455.959716 -1.4801445 0.8020453 -0.7017065 0.0098285 -0.0412135 -0.0262265 0.9987577
1305031456.127645 -1.6100342 0.7358001 -0.7425806 -0.0194227 -0.0139140 -0.0433631 0.9987736
1305031456.291675 -1.7162867 0.6458828 -0.7337419 -0.0161384 0.0360009 -0.0309245 0.9987428
1305031456.459610 -1.8540738 0.6430846 -0.6660926 0.0061490 0.0947976 -0.0027599 0.9954737
1305031456.627612 -1.9589128 0.6612124 -0.5465393 -0.0133835 0.1043888 0.0307619 0.9939706
1305031456.791649 -2.0854211 0.5850079 -0.3885077 -0.0344788 0.1075438 0.0718288 0.9910026
1305031456.959667 -2.1569250 0.6246979 -0.2773023 -0.0346640 0.1160052 0.1043976 0.9871385
1305031457.127632 -2.2690551 0.5801321 -0.2011675 -0.0652040 0.1423564 0.1271741 0.9794436
1305031457.291656 -2.4073617 0.5280699 -0.2182988 -0.0581817 0.1805370 0.1570764 0.9691998
1305031457.459614 -2.6001282 0.4561380 -0.2605714 -0.0482598 0.2302190 0.1855521 0.9540653
1305031457.627526 -2.7572961 0.3538207 -0.3063228 -0.0383550 0.2495174 0.2010398 0.9464951
1305031457.791567 -2.8758302 0.2127976 -0.3316637 -0.0382209 0.2601525 0.2054140 0.9426903
1305031457.959632 -3.0508785 0.1183338 -0.3118082 0.0009316 0.2993842 0.2047135 0.9319124
1305031458.127605 -3.1686134 0.0239973 -0.2278985 0.0201946 0.3218813 0.2078032 0.9234730
1305031458.291664 -3.2715006 -0.0849395 -0.0363184 0.0214695 0.3208788 0.2122307 0.9227860
1305031458.359590 -3.2843814 -0.1593230 0.0506836 0.0264256 0.3142906 0.2142476 0.9244572
1305031458.427598 -3.3093052 -0.1622441 0.1067665 0.0507820 0.3134229 0.2227676 0.9217167
1305031458.459637 -3.2803302 -0.1946840 0.1191636 0.0585263 0.3161833 0.2297948 0.9185843
1305031458.491696 -3.2623549 -0.1960862 0.1549962 0.0793808 0.3262496 0.2227599 0.9152256
1305031458.527737 -3.3132327 -0.1728133 0.2114226 0.0981444 0.3438681 0.2167993 0.9083614
1305031458.559628 -3.3091111 -0.1647830 0.2568320 0.1047400 0.3531161 0.2126108 0.9050609
1305031458.627659 -3.3272314 -0.1128528 0.3653603 0.1191004 0.3621508 0.1982766 0.9029664
1305031458.659623 -3.3141627 -0.1264929 0.4130057 0.1105603 0.3564503 0.2008137 0.9057558
1305031458.691674 -3.3208251 -0.1219015 0.4631418 0.1058565 0.3434115 0.1948912 0.9126228
1305031458.727650 -3.3004050 -0.1483642 0.5019325 0.1012832 0.3307051 0.1884135 0.9191715
1305031458.759945 -3.3017936 -0.1241431 0.5431786 0.1095568 0.3175828 0.1740913 0.9256514
1305031458.791632 -3.2865109 -0.0912516 0.5752008 0.1109493 0.3011574 0.1645779 0.9326889
1305031458.959617 -3.2515996 -0.1265078 0.6542742 0.1010164 0.2970015 0.1789181 0.9325095
1305031458.991647 -3.2552478 -0.2186707 0.6795098 0.0921191 0.3031688 0.1849719 0.9302624
1305031459.027665 -3.2897563 -0.2205868 0.7319385 0.1058170 0.3065555 0.1787329 0.9289139
1305031459.059631 -3.3250260 -0.2528147 0.7749383 0.1157119 0.3040521 0.1858250 0.9271635
1305031459.091650 -3.3589954 -0.3233901 0.7993548 0.1258902 0.2917056 0.2000460 0.9268447
1305031459.127618 -3.3801467 -0.3431656 0.8492798 0.1418795 0.2713386 0.2019829 0.9302948
1305031459.159639 -3.4228544 -0.3501924 0.8743026 0.1539486 0.2511242 0.1984574 0.9348000
1305031459.191674 -3.4446657 -0.3585758 0.8924225 0.1623759 0.2335536 0.2029070 0.9369715
1305031459.227607 -3.4625766 -0.3565288 0.9116827 0.1685247 0.2210431 0.2116524 0.9369860
1305031459.259760 -3.4577570 -0.3415349 0.9254130 0.1716763 0.2148491 0.2224291 0.9353569
1305031459.291690 -3.4757943 -0.3346618 0.9465008 0.1697289 0.2270149 0.2328192 0.9302965
1305031459.327632 -3.4606385 -0.3367012 0.9696677 0.1688216 0.2423805 0.2526765 0.9213607
1305031459.359651 -3.5016861 -0.3311237 1.0039959 0.1748317 0.2706499 0.2692238 0.9075798
1305031459.391667 -3.5636315 -0.3173698 1.0128798 0.1722982 0.2979543 0.2965084 0.8908532
1305031459.427646 -3.5472107 -0.2725901 1.0870827 0.1695392 0.3302187 0.3298672 0.8679860
1305031459.459679 -3.5906558 -0.3009640 1.0969020 0.1672762 0.3636481 0.3661734 0.8400570
1305031459.491555 -3.6213050 -0.3080320 1.1176859 0.1623523 0.3811250 0.3996898 0.8177001
1305031459.527594 -3.6680694 -0.3086828 1.1578954 0.1544492 0.4024595 0.4257203 0.7955715
1305031459.559647 -3.6861260 -0.3233137 1.1667891 0.1510668 0.4117195 0.4495083 0.7782083
1305031459.591695 -3.7204642 -0.3444799 1.1928865 0.1496654 0.4184217 0.4649263 0.7657461
1305031459.627608 -3.7349019 -0.3589583 1.2151706 0.1478559 0.4187197 0.4758123 0.7592201
1305031459.659641 -3.7568345 -0.3601673 1.2447586 0.1483749 0.4268377 0.4744090 0.7554671
1305031459.691604 -3.7810285 -0.3721257 1.2700269 0.1429147 0.4363074 0.4790921 0.7481190
1305031459.727551 -3.7981486 -0.4355723 1.2809161 0.1312022 0.4445769 0.4856637 0.7411262
1305031459.759635 -3.8124828 -0.4808444 1.2940760 0.1278415 0.4507599 0.4838541 0.7391598
1305031459.927607 -3.8828197 -0.6600103 1.4175009 0.1175309 0.4491517 0.4854420 0.7408072
1305031460.091717 -3.8905048 -0.8550519 1.5257477 0.1150851 0.4450850 0.5047016 0.7307059
1305031460.259667 -3.8347998 -0.9703174 1.5734783 0.1369467 0.4241738 0.5302539 0.7212163
1305031460.427477 -3.7747283 -1.1077039 1.6220216 0.1201391 0.4666150 0.5419405 0.6885765
1305031460.591855 -3.7120183 -1.2234151 1.6867309 0.0867841 0.5135671 0.5659105 0.6391109
1305031460.759667 -3.6440539 -1.3535953 1.7672585 0.0617547 0.5391177 0.5697730 0.6171687
1305031460.927562 -3.5513864 -1.4637945 1.8692744 0.0261700 0.5533817 0.5669361 0.6096452
1305031461.091728 -3.4169135 -1.5654414 1.9243420 0.0190769 0.5577276 0.5710353 0.6020753
1305031461.259642 -3.2956066 -1.6263123 1.9637376 0.0142920 0.5633614 0.5587893 0.6084195
1305031461.427624 -3.2056580 -1.6273767 2.0033965 -0.0006609 0.5700155 0.5470365 0.6130522
1305031461.591690 -3.1635871 -1.5985094 1.9539080 -0.0066590 0.5746509 0.5417635 0.6133712
1305031461.759684 -3.1780138 -1.5304000 1.9072809 -0.0127414 0.5818833 0.5534261 0.5957928
1305031461.927758 -3.2661533 -1.3892422 1.8689340 -0.0102973 0.5821356 0.5832910 0.5663776
1305031462.091777 -3.3699272 -1.2693658 1.8824325 -0.0116207 0.5733662 0.6217791 0.5333920
1305031462.227633 -3.4483585 -1.1963360 1.8920131 -0.0147164 0.5620998 0.6376889 0.5264790
1305031462.291629 -3.4841163 -1.1698860 1.9119138 -0.0260181 0.5569336 0.6360009 0.5335269
1305031462.391695 -3.5426710 -1.1350070 1.9527488 -0.0499464 0.5480122 0.6293954 0.5486798
1305031462.427635 -3.5552354 -1.1298345 1.9640990 -0.0594113 0.5406084 0.6299865 0.5543734
1305031462.492008 -3.5922575 -1.1143897 1.9755046 -0.0765164 0.5209494 0.6308261 0.5699258
1305031462.559862 -3.6285434 -1.1076729 1.9812200 -0.0859565 0.5043764 0.6279013 0.5864775
1305031462.591862 -3.6470144 -1.1072755 1.9766903 -0.0917862 0.4999129 0.6227057 0.5948949
1305031462.759782 -3.7752607 -1.0723660 1.9384201 -0.1000262 0.4841583 0.5828546 0.6448767
1305031462.859782 -3.8746977 -1.0007994 1.8714244 -0.0991004 0.4655034 0.5669486 0.6723503
1305031462.891847 -3.9048352 -0.9710741 1.8438220 -0.0987000 0.4640015 0.5620639 0.6775287
1305031462.927607 -3.9238486 -0.9606649 1.8168089 -0.0995245 0.4628926 0.5613167 0.6787848
1305031463.095809 -4.0182915 -0.8805683 1.6625080 -0.0839353 0.4472386 0.5337273 0.7127886
1305031463.260034 -4.0828528 -0.7949117 1.4996227 -0.0762721 0.4421280 0.4997219 0.7409342
1305031463.427716 -4.1069951 -0.6738716 1.3487730 -0.0609805 0.4273100 0.4798629 0.7638188
1305031463.595600 -4.0892777 -0.5591825 1.1757181 -0.0584884 0.4290692 0.4735242 0.7669769
1305031463.759674 -4.0027604 -0.5016353 0.9159845 -0.0505661 0.4225322 0.4592238 0.7797583
1305031463.927664 -3.9777036 -0.4953654 0.6921670 -0.0494624 0.4356516 0.4143849 0.7975252
1305031464.095634 -3.9307218 -0.5320275 0.4599508 -0.0462755 0.4296602 0.3755484 0.8198867
1305031464.259644 -3.9390793 -0.6116350 0.2706090 -0.0122583 0.4027394 0.3574364 0.8425496
1305031464.427634 -3.8094103 -0.5472705 0.0115292 0.0097430 0.3437783 0.3320077 0.8783464
1305031464.595698 -3.6630750 -0.5542219 -0.2455732 0.0033094 0.3305033 0.2913526 0.8977028
1305031464.627672 -3.6799912 -0.5587128 -0.2905337 0.0100723 0.3476717 0.2776195 0.8955168
1305031464.659749 -3.6546612 -0.5612938 -0.3344877 0.0129692 0.3579596 0.2622233 0.8960668
1305031464.695663 -3.5962291 -0.5992219 -0.3922893 0.0152033 0.3651061 0.2459721 0.8977550
1305031464.727652 -3.5723181 -0.5966860 -0.4159741 0.0284327 0.3714750 0.2279531 0.8995751
1305031464.759740 -3.6304302 -0.5700183 -0.4157710 0.0406932 0.3796969 0.2019125 0.9018900
1305031464.796021 -3.6165318 -0.6143613 -0.4179124 0.0397758 0.3772805 0.1855212 0.9064542
1305031464.827759 -3.6212468 -0.6065772 -0.4090481 0.0517480 0.3694900 0.1688644 0.9122961
1305031464.859654 -3.6177588 -0.5708117 -0.4287556 0.0603884 0.3532869 0.1504099 0.9213677
1305031464.895817 -3.6003888 -0.5514473 -0.4425560 0.0577532 0.3374155 0.1295681 0.9306059
1305031464.927799 -3.5101585 -0.5538646 -0.4659958 0.0534996 0.3184598 0.1130071 0.9396545
1305031464.959763 -3.4516587 -0.5616575 -0.4943753 0.0543103 0.3099620 0.0982372 0.9440992
1305031464.995687 -3.3997912 -0.5381020 -0.4973141 0.0582991 0.3063850 0.0781238 0.9469034
1305031465.027823 -3.3832550 -0.5456378 -0.4827724 0.0561246 0.3080879 0.0577153 0.9479456
1305031465.059749 -3.3789845 -0.4962287 -0.4399515 0.0625456 0.3054320 0.0362479 0.9494659
1305031465.095700 -3.3821783 -0.3635881 -0.4009538 0.0655326 0.2955549 0.0158792 0.9529431
1305031465.127664 -3.3436847 -0.3297389 -0.3815315 0.0477395 0.2803718 0.0059842 0.9586849
1305031465.159842 -3.2899537 -0.3278390 -0.3632476 0.0290264 0.2644304 0.0012292 0.9639671
1305031465.227907 -3.1985958 -0.2673314 -0.3254766 0.0069441 0.2392821 -0.0062522 0.9709051
1305031465.395586 -2.9930055 -0.1314587 -0.2555290 0.0011372 0.1688776 0.0454364 0.9845886
1305031465.495703 -2.8454993 0.0061310 -0.3011416 0.0194327 0.1275318 0.0784995 0.9885322
1305031465.527622 -2.8168058 0.0221497 -0.3121962 0.0188084 0.1193736 0.0809573 0.9893645
1305031465.695668 -2.6163316 0.2498603 -0.4272260 0.0606822 0.0798682 0.1141021 0.9883924
1305031465.727682 -2.5983751 0.2961656 -0.4413352 0.0702205 0.0798336 0.1195326 0.9871209
1305031465.895494 -2.4370294 0.5924768 -0.5151559 0.1170133 0.0751564 0.1378162 0.9806458
1305031466.059757 -2.3294697 0.8621036 -0.6159447 0.1423035 0.1027757 0.1330523 0.9754404
1305031466.195833 -2.2971673 1.0393281 -0.7252827 0.1237622 0.0829921 0.1363645 0.9793875
1305031466.227951 -2.2932792 1.0839516 -0.7421858 0.1153421 0.0739107 0.1338418 0.9814885
1305031466.327702 -2.1926696 1.1737133 -0.8018489 0.1117483 0.0818046 0.1054448 0.9847344
1305031466.359829 -2.1757417 1.1858999 -0.8477389 0.1014575 0.0903071 0.1012309 0.9855472
1305031466.527538 -2.0466304 1.2928904 -1.0115496 0.0974915 0.0810403 0.0880665 0.9880142
1305031466.560353 -2.0266557 1.3396266 -1.0313544 0.0982414 0.0862425 0.0848723 0.9877791
1305031466.595936 -2.0045402 1.3611217 -1.0646036 0.0877629 0.0875093 0.0828801 0.9888229
1305031466.759637 -1.7824316 1.4237506 -1.1775270 0.0734103 0.0819040 0.0511213 0.9926174
1305031466.895694 -1.6932563 1.5044131 -1.2414489 0.0825006 0.0636491 0.0393089 0.9937792
1305031467.059700 -1.4827944 1.5685949 -1.3473790 0.0867736 0.0179431 0.0239381 0.9957788
1305031467.227704 -1.3435063 1.6212014 -1.4106903 0.0875680 -0.0003071 -0.0114152 0.9960931
1305031467.395756 -1.1969485 1.6926037 -1.4932089 0.0872936 -0.0332550 -0.0352170 0.9950044
1305031467.559763 -1.0320216 1.7308420 -1.5735123 0.0762582 -0.0615160 -0.0565314 0.9935817
1305031467.727535 -0.8767846 1.7034847 -1.5940249 0.0908345 -0.0812809 -0.0591477 0.9907795
1305031467.895947 -0.7388874 1.6365960 -1.5315897 0.1189919 -0.1008957 -0.0646768 0.9856358
1305031468.059850 -0.5823230 1.4974520 -1.3869076 0.1312047 -0.1245044 -0.0804432 0.9802106
1305031468.228158 -0.4222682 1.3293713 -1.2402596 0.1263815 -0.1393974 -0.0909698 0.9779165
1305031468.395860 -0.2801857 1.1345987 -1.1570159 0.1219229 -0.1327672 -0.0837946 0.9800439
1305031468.559739 -0.2038662 0.8811883 -1.1317364 0.1094603 -0.1299872 -0.0958327 0.9807843
1305031468.695835 -0.2312361 0.7167649 -1.1237158 0.1066231 -0.1378039 -0.1095894 0.9785866
1305031468.795796 -0.2256770 0.6059812 -1.1034138 0.1155614 -0.1513823 -0.1161961 0.9747961
1305031468.928141 -0.2242613 0.5282077 -1.0620210 0.1216924 -0.1422717 -0.1277807 0.9739722
1305031468.959594 -0.2327231 0.5312742 -1.0530564 0.1168437 -0.1361693 -0.1226092 0.9761007
1305031469.027699 -0.2557567 0.5217775 -1.0273787 0.0839333 -0.1301219 -0.1309524 0.9792216
1305031469.059832 -0.2707781 0.4772931 -1.0143074 0.0662953 -0.1295611 -0.1367394 0.9798577
1305031469.127679 -0.2422381 0.4180731 -0.9666051 0.0362041 -0.1280362 -0.1568185 0.9786235
1305031469.159703 -0.2402450 0.3979954 -0.9439254 0.0240710 -0.1202343 -0.1626885 0.9790285
1305031469.327618 -0.2768677 0.3636003 -0.8107738 -0.0066957 -0.0937013 -0.1770712 0.9797046
1305031469.359592 -0.2592309 0.3425146 -0.7880001 -0.0174095 -0.0917104 -0.1807064 0.9790972
1305031469.395695 -0.2574452 0.3342091 -0.7562480 -0.0210508 -0.0800847 -0.1873008 0.9788063
1305031469.427651 -0.2585103 0.3423187 -0.7262335 -0.0217873 -0.0685064 -0.1919810 0.9787622
1305031469.559645 -0.2933518 0.4199160 -0.5937971 -0.0303171 -0.0521433 -0.2016069 0.9776076
1305031469.659590 -0.2910691 0.4580096 -0.4964636 -0.0566619 -0.0512354 -0.1984045 0.9771387
1305031469.695613 -0.2894051 0.4823754 -0.4678790 -0.0601731 -0.0488696 -0.1961168 0.9775117
1305031469.859574 -0.3641105 0.6268371 -0.3259673 -0.0879202 -0.0399724 -0.1792161 0.9790576
1305031469.927854 -0.4141771 0.6771031 -0.2813753 -0.0981938 -0.0410144 -0.1732017 0.9791205
1305031469.959805 -0.4400307 0.7015833 -0.2625001 -0.1008911 -0.0438182 -0.1714278 0.9790370
1305031470.127633 -0.5879697 0.8409926 -0.2036856 -0.1126915 -0.0472779 -0.1628452 0.9790541
1305031470.159626 -0.6213130 0.8710285 -0.1961359 -0.1150513 -0.0475118 -0.1592499 0.9793596
1305031470.227618 -0.6895832 0.9239007 -0.1933976 -0.1191738 -0.0478029 -0.1510234 0.9801553
1305031470.359624 -0.8230778 1.0080664 -0.1759577 -0.1426382 -0.0488857 -0.1335070 0.9795103
1305031470.427641 -0.8942104 1.0497791 -0.1728700 -0.1460619 -0.0508588 -0.1300255 0.9793736
1305031470.595760 -1.0438954 1.1061209 -0.1678997 -0.1472868 -0.0551321 -0.1234286 0.9798124
1305031470.659690 -1.0941752 1.1228724 -0.1625580 -0.1512251 -0.0552400 -0.1143478 0.9803082
1305031470.827831 -1.2120602 1.1365274 -0.1455885 -0.1578205 -0.0465724 -0.0951918 0.9817649
1305031470.959647 -1.3000402 1.1267632 -0.1507207 -0.1345449 -0.0517439 -0.0795831 0.9863502
1305031471.127663 -1.3918779 1.0907146 -0.1681429 -0.0957797 -0.0432478 -0.0578684 0.9927775
1305031471.296068 -1.4622074 1.0636148 -0.1748402 -0.0882377 -0.0307346 -0.0341888 0.9950380
1305031471.459647 -1.5159101 1.0475553 -0.1963177 -0.0775393 -0.0083432 -0.0116335 0.9968865
1305031471.627621 -1.5565099 1.0305629 -0.2191439 -0.0804966 0.0045802 0.0022830 0.9967417
1305031471.795801 -1.5841169 1.0385513 -0.2470632 -0.0758765 0.0307455 0.0296122 0.9962031
1305031471.959643 -1.6131085 1.0490981 -0.2443892 -0.0958237 0.0548878 0.0564985 0.9922767
1305031472.127594 -1.6724631 1.0907180 -0.2329436 -0.1049906 0.0837857 0.0759113 0.9880255
1305031472.295671 -1.6865981 1.0073330 -0.2296004 -0.1175144 0.0882139 0.0883957 0.9851878
1305031472.463603 -1.6917504 1.0016574 -0.2370032 -0.1047085 0.0832395 0.0930912 0.9866313
1305031472.627701 -1.6898776 1.0050366 -0.2340191 -0.0851549 0.0883666 0.0966733 0.9877217
1305031472.795640 -1.6803759 1.0144626 -0.2207378 -0.0641990 0.0918066 0.0944146 0.9892097
1305031472.963756 -1.6759729 1.0190490 -0.2144098 -0.0525284 0.0917534 0.0993602 0.9894188
1305031473.127744 -1.6729577 1.0220684 -0.2100337 -0.0513862 0.0906737 0.0950490 0.9900017
