1341840084.729879 -0.0000000 -0.0000000 -0.0000000 0.0000000 0.0000000 0.0000000 1.0000000
1341840085.266025 0.1307635 -0.0190166 -0.0220184 -0.0041832 -0.0258381 0.0245990 0.9993547
1341840085.940930 0.0289392 -0.0498156 -0.1065589 -0.0202434 -0.0271392 0.0912026 0.9952566
1341840086.612988 -0.1015374 -0.1045253 -0.1688294 -0.0321810 -0.0486197 0.1133913 0.9918382
1341840087.274056 -0.3324316 -0.2313045 -0.2558959 -0.0435981 -0.0354562 0.1547091 0.9863605
1341840087.946068 -0.4459781 -0.3602852 -0.3389327 -0.0746994 -0.0440442 0.1889190 0.9781563
1341840088.382124 -0.7442117 -0.5971305 -0.3777529 -0.0706708 0.0119602 0.2493543 0.9657562
1341840089.050058 -1.5410305 -0.5124944 -0.0561546 0.0189991 0.1835440 0.2500620 0.9504839
1341840089.728954 -1.7412945 -0.6250480 0.0281983 0.0422807 0.1904893 0.2876938 0.9376345
1341840090.426138 -1.9193769 -0.7730659 0.0129834 0.0638761 0.1949165 0.3529803 0.9128703
1341840091.097971 -2.3295367 -1.1604524 0.7133061 0.0133043 0.3298149 0.3622413 0.8716802
1341840091.766000 -2.6997404 -1.1068410 0.7887022 0.1094007 0.3229501 0.4050019 0.8483562
1341840092.370097 -2.6311426 -1.5163085 1.0262337 0.0141067 0.3703214 0.4477997 0.8137189
1341840093.041963 -2.6670914 -1.6199031 1.0332105 0.0244152 0.3736626 0.4846738 0.7904881
1341840093.709940 -2.6907973 -1.8254819 1.2416162 0.0377407 0.3989322 0.5340660 0.7444476
1341840094.414276 -2.7538848 -1.9466302 1.2836590 0.0520533 0.4054254 0.5763871 0.7076006
1341840095.086058 -2.9157405 -2.0491133 1.5622842 0.0968101 0.4293725 0.6070923 0.6615934
1341840095.753967 -2.9503717 -2.2036169 1.5546678 0.1225019 0.4389081 0.6320301 0.6268101
1341840096.365135 -2.6488545 -2.8054609 2.0942941 -0.0021182 0.5369123 0.6565036 0.5298336
1341840097.030022 -2.6316638 -2.9279084 2.3539348 0.0097873 0.5853593 0.6512170 0.4828821
1341840097.630355 -2.6133802 -3.0183465 2.6452665 0.0562172 0.6326683 0.6509004 0.4158114
1341840098.302041 -2.6498322 -3.4616144 2.5416441 0.0233237 0.6024002 0.6756843 0.4242885
1341840098.974247 -2.5677958 -3.6499956 2.8188148 0.0599571 0.6142375 0.6797779 0.3962566
1341840099.641985 -2.2981560 -3.9814129 2.9341755 -0.0360071 0.6207960 0.6852345 0.3791695
1341840100.314468 -2.0090566 -3.9300027 2.6952205 -0.0253201 0.5209256 0.7778211 0.3506990
1341840100.982020 -2.0835037 -4.4708781 2.7274294 -0.0089028 0.5497717 0.7600370 0.3464325
1341840101.286158 -2.1914535 -4.6729918 2.8854206 0.1129445 0.6233144 0.6925426 0.3451196
1341840101.318064 -2.1034365 -4.6934242 2.8671985 0.1061390 0.6185634 0.6965299 0.3477931
1341840101.454068 -2.0340443 -4.6917262 2.8247433 0.0892958 0.6197485 0.6973711 0.3487286
1341840102.122063 -1.7972951 -4.5480633 2.9101381 0.0763803 0.6007821 0.7352464 0.3043676
1341840102.794279 -1.3228132 -5.0567474 2.9372864 -0.0174493 0.5789245 0.7806027 0.2349497
1341840103.469037 -1.2796488 -4.8032360 2.8002946 -0.0071018 0.5300258 0.8183357 0.2221463
1341840104.137083 -0.8823075 -5.1058149 2.6046491 -0.0186171 0.4638037 0.8684511 0.1741615
1341840104.305085 -0.8828558 -5.1864910 2.5689521 -0.0027103 0.4537008 0.8790886 0.1461213
1341840104.372984 -0.5650855 -5.1358290 2.9348350 -0.0523734 0.4990972 0.8578703 0.1105330
1341840105.044912 -0.2337629 -5.0664673 2.7482564 -0.0873283 0.4547207 0.8804805 0.1017691
1341840105.717030 0.0173180 -5.0698180 2.4858863 -0.0884629 0.3838675 0.9185176 0.0338429
1341840106.414296 0.5661684 -5.7646608 2.6711686 -0.0893343 0.4875887 0.8684057 -0.0121727
1341840107.082017 0.8988005 -6.6302547 2.7369220 -0.0514314 0.5273125 0.8447425 -0.0755403
1341840107.754206 1.4520020 -5.4632592 3.4171910 -0.2210910 0.5646804 0.7789688 -0.1595693
1341840108.457962 1.6855710 -5.6548882 3.4759421 -0.1650687 0.5827406 0.7747373 -0.1815154
1341840109.126125 1.5772407 -4.5680203 3.7869649 -0.2729596 0.5603357 0.7457534 -0.2353058
1341840109.797984 2.1440358 -5.1312323 3.8011818 -0.1557795 0.5976997 0.7475174 -0.2443472
1341840110.470485 2.4540114 -5.2286930 3.5791671 -0.2979031 0.6595089 0.6084841 -0.3256514
1341840110.970039 2.4178400 -5.1520834 3.4681904 -0.1441915 0.6265522 0.7317074 -0.2263747
1341840111.642037 2.7232952 -5.0995569 3.5453825 -0.1541947 0.6077564 0.7400137 -0.2433844
1341840112.309992 2.9979577 -4.9778771 3.6589603 -0.1510409 0.6042888 0.7407603 -0.2515865
1341840112.681967 3.1285884 -4.9452872 3.6652780 -0.1473709 0.5968807 0.7495321 -0.2453914
1341840113.083545 3.2574811 -4.8628969 3.8056226 -0.1402345 0.5937132 0.7477273 -0.2621886
1341840113.618061 3.4926882 -4.7462215 3.8655400 -0.1258456 0.5887816 0.7366985 -0.3078544
1341840114.290001 3.8004436 -4.7080669 3.8581934 -0.1444329 0.5799447 0.7317590 -0.3276159
1341840114.958011 3.9944153 -4.6846228 3.7771573 -0.1133108 0.5704541 0.7207178 -0.3772381
1341840115.630134 4.0933528 -4.6215906 3.8096447 -0.1014380 0.5697652 0.7006640 -0.4173103
1341840116.266106 4.4974957 -4.3203506 4.3170447 -0.2379999 0.6576713 0.5804994 -0.4169473
1341840116.938059 4.6325803 -4.3245955 4.2283745 -0.2069816 0.6691138 0.5672541 -0.4332069
1341840117.606013 4.7938347 -4.3219948 4.1233263 -0.1601359 0.6765655 0.5342292 -0.4808481
1341840118.277926 4.8437338 -4.2589769 4.0782490 0.1294903 -0.6783504 -0.5200655 0.5025980
1341840118.946098 4.7777662 -4.2258477 3.7009921 0.0300108 -0.6258361 -0.5366936 0.5651448
1341840119.618119 4.7225742 -4.2651682 3.3886244 -0.0241217 -0.5808262 -0.5658063 0.5847412
1341840120.285957 4.9120646 -4.2049999 3.3072836 -0.0409703 -0.5876628 -0.5376050 0.6032866
1341840120.958656 4.9721560 -4.1441689 3.2738290 -0.0436151 -0.5932198 -0.5200135 0.6130041
1341840121.630041 4.6387558 -4.2610030 2.7648039 -0.1316215 -0.5334439 -0.5311331 0.6449891
1341840122.298110 4.6351862 -4.2927866 2.4569135 -0.1472742 -0.5116563 -0.5432875 0.6491200
1341840122.970017 5.0725589 -4.4628797 2.2841921 -0.1635276 -0.5553063 -0.4817742 0.6578658
1341840123.638023 5.0124178 -4.5788150 1.8049673 -0.2149542 -0.5509733 -0.4686278 0.6562097
1341840124.310932 4.2525520 -4.5593863 1.1627854 -0.2640778 -0.4996883 -0.5124863 0.6464769
1341840124.878017 4.0381112 -4.8207512 0.9027067 -0.3412327 -0.5124510 -0.4763461 0.6277329
1341840125.549972 3.8159747 -5.2027884 0.5519556 -0.3882042 -0.4734735 -0.4553576 0.6463512
1341840125.682126 3.7223129 -5.3808951 0.4512264 -0.4193934 -0.4721469 -0.4295671 0.6454910
1341840125.918028 3.2512894 -5.6532030 0.1923751 -0.4602809 -0.4568012 -0.4479460 0.6154824
1341840125.986005 3.5466483 -5.6941843 0.2873111 -0.4696342 -0.4835676 -0.3944503 0.6245119
1341840126.422058 2.9940686 -5.6190763 0.2794803 -0.5059167 -0.4700491 -0.3910129 0.6084496
1341840126.454093 3.0005546 -5.6245809 0.2725797 -0.5081218 -0.4690480 -0.3878784 0.6093902
1341840126.922034 2.7385921 -5.6957221 0.2626520 -0.5546263 -0.4642177 -0.3148524 0.6146215
1341840127.594043 2.3966763 -5.9708557 0.3147013 -0.5916752 -0.4551258 -0.2624620 0.6114692
1341840128.266032 1.9755588 -6.6177340 0.3859546 -0.6325077 -0.4197538 -0.2339588 0.6074570
1341840128.802328 1.7069356 -7.3517590 0.6577232 -0.6740333 -0.3828334 -0.1819398 0.6049923
1341840129.209154 1.5019670 -7.5913434 0.9721639 -0.7034411 -0.3567798 -0.1178522 0.6033155
1341840129.645181 1.3051963 -7.8306561 1.5079708 -0.7509535 -0.3212694 -0.0069466 0.5768939
1341840130.349159 1.3178587 -7.7206149 1.9687207 -0.7603896 -0.3244256 0.0455420 0.5607867
1341840131.046245 1.4083381 -7.3675656 2.1773570 -0.7449085 -0.3262371 0.0703840 0.5776909
1341840131.717991 1.5750902 -7.0603237 2.4784052 -0.7463723 -0.3052271 0.1199250 0.5791225
1341840132.386067 2.0008597 -7.5365591 2.7394776 -0.7459450 -0.3043397 0.1865462 0.5622668
1341840132.890074 2.5501359 -7.7544870 2.6288946 -0.7236011 -0.3165765 0.2384344 0.5650927
1341840133.558093 2.8064370 -7.7640238 2.6145959 -0.7083510 -0.3585531 0.2865934 0.5362301
1341840134.030081 2.8348503 -7.7613034 2.6250389 -0.7094205 -0.3614415 0.3049248 0.5225931
1341840134.366116 3.0972481 -7.9846315 2.6461687 0.7156624 0.3653425 -0.3247498 -0.4988885
1341840135.034464 3.4627912 -8.2737122 2.7161112 0.7073341 0.3871820 -0.3362452 -0.4865263
1341840135.133985 3.5343289 -8.3674831 2.7405262 0.7090235 0.3854842 -0.3383365 -0.4839586
1341840135.806028 3.7444811 -8.6622734 2.8543987 0.7200579 0.3488713 -0.3748250 -0.4683073
1341840136.410181 3.9775295 -9.0581007 3.0194802 0.7378826 0.3130436 -0.4119160 -0.4334261
1341840136.609971 3.9387832 -9.1723938 3.0729201 0.7467777 0.2952920 -0.4159743 -0.4267212
1341840136.946101 4.1560860 -9.4049225 3.2514620 0.7455846 0.2853420 -0.4423465 -0.4086725
1341840137.013946 4.1196070 -9.3964596 3.2377324 0.7444491 0.2796464 -0.4474589 -0.4091136
1341840137.553325 4.5713043 -9.7223215 3.7977753 0.7439443 0.2612132 -0.4943024 -0.3660322
1341840137.759587 4.8538728 -9.8152256 4.0448632 0.7488575 0.2571524 -0.5151982 -0.3281095
1341840137.925612 5.0398445 -9.9250212 4.1799169 0.7472824 0.2476860 -0.5297742 -0.3155310
1341840138.392961 5.6586905 -9.9774408 4.7080855 0.7485958 0.2024471 -0.5743674 -0.2621478
1341840139.028984 5.9336023 -9.7586603 5.0033689 0.7278131 0.1805999 -0.6256720 -0.2149566
1341840139.433146 6.1468887 -9.5398951 5.2280846 0.7118314 0.1639573 -0.6574323 -0.1849239
1341840139.494120 6.1427736 -9.4893904 5.1431360 0.7032632 0.1655780 -0.6651840 -0.1885076
1341840140.162059 6.3539333 -9.4391890 5.2468824 0.6953911 0.1491791 -0.6775379 -0.1874012
