1341840084.762054 -0.0000000 -0.0000000 -0.0000000 0.0000000 0.0000000 0.0000000 1.0000000
1341840085.298250 -0.0401311 0.0307359 0.0114052 0.0080017 0.0168139 0.0170848 0.9996806
1341840085.972968 -0.3419939 0.0486823 -0.0221673 0.0094145 0.0525384 0.0684529 0.9962255
1341840086.645038 -0.6163082 -0.0086618 -0.0126848 0.0019743 0.0582732 0.0822693 0.9949031
1341840087.310014 -0.8952332 -0.0897536 0.0140039 0.0019690 0.0762362 0.1226069 0.9895210
1341840087.978064 -1.1548113 -0.1787635 0.0795469 -0.0155141 0.0992811 0.1511346 0.9833925
1341840088.313975 -1.2912492 -0.2756576 0.0889660 -0.0000181 0.1159182 0.2076076 0.9713197
1341840088.514195 -1.3351803 -0.3221107 0.0785407 0.0154184 0.1234257 0.2186712 0.9678385
1341840088.550086 -1.3654890 -0.3207336 0.0810353 0.0243422 0.1350149 0.2151884 0.9668880
1341840088.886343 -1.4983484 -0.3490804 0.0965037 0.0398889 0.1644942 0.2282035 0.9587876
1341840089.325058 -1.6577672 -0.4211630 0.1791456 0.0444386 0.1860738 0.2383950 0.9521395
1341840089.493053 -1.6860512 -0.4938471 0.2021035 0.0447221 0.1881166 0.2535818 0.9477913
1341840089.929407 -1.8852471 -0.6233295 0.2802134 0.0527910 0.1962307 0.2787773 0.9386106
1341840090.064979 -1.9317049 -0.6661646 0.2933768 0.0548244 0.2016597 0.2937399 0.9327617
1341840090.762086 -2.1263173 -0.8549169 0.4141614 0.0372790 0.2367654 0.3265858 0.9142724
1341840091.397935 -2.4040489 -1.0821686 0.5259333 0.0330613 0.2439615 0.3748116 0.8938154
1341840091.430154 -2.4290628 -1.0818959 0.5358306 0.0381029 0.2443285 0.3761632 0.8929462
1341840092.102060 -2.5594313 -1.2627771 0.6341802 0.0304541 0.2597056 0.4129031 0.8724314
1341840092.570615 -2.6853642 -1.4230363 0.7309781 0.0330587 0.2842420 0.4741227 0.8326591
1341840093.241963 -2.7519484 -1.6570342 0.8732181 0.0185399 0.3126315 0.4982530 0.8084936
1341840093.778128 -2.7901716 -1.9016353 1.0048605 0.0275639 0.3322686 0.5576343 0.7601854
1341840094.481962 -2.8522713 -2.1575518 1.1496866 0.0106991 0.3637772 0.5935235 0.7178311
1341840095.150110 -2.8955193 -2.4438479 1.3603449 -0.0030370 0.3702135 0.6365595 0.6765535
1341840095.821991 -2.8549900 -2.7001245 1.4473597 -0.0025721 0.4044114 0.6608402 0.6322461
1341840096.493964 -2.8812828 -3.0854287 1.6376537 -0.0037916 0.4260922 0.7023195 0.5702441
1341840097.162122 -2.8373370 -3.2890835 1.7628527 -0.0090411 0.4490822 0.7246056 0.5226760
1341840097.398069 -2.7856646 -3.3997025 1.8251256 -0.0085332 0.4512423 0.7449358 0.4913026
1341840098.002067 -2.6771693 -3.6617284 1.9290234 -0.0209401 0.4606797 0.7516617 0.4715299
1341840098.369946 -2.6640778 -3.8221321 2.0598450 -0.0286327 0.4752530 0.7504634 0.4583878
1341840098.470049 -2.6703954 -3.8773179 2.1044495 -0.0261102 0.4781773 0.7528698 0.4514994
1341840098.838054 -2.6212552 -4.1078329 2.1926026 -0.0291185 0.4666269 0.7648482 0.4431914
1341840098.905941 -2.6228814 -4.1477022 2.2354085 -0.0248759 0.4680671 0.7665256 0.4390136
1341840099.138052 -2.5834084 -4.2436962 2.2990572 -0.0298907 0.4601287 0.7675198 0.4453106
1341840099.742027 -2.4158940 -4.4267888 2.4427853 -0.0407551 0.4628190 0.7808679 0.4175918
1341840099.946242 -2.3696771 -4.4926195 2.4884281 -0.0411288 0.4611691 0.7910551 0.3998292
1341840100.614097 -2.1781259 -4.7069836 2.5867858 -0.0433736 0.4747651 0.8031805 0.3572366
1341840101.185930 -1.9414665 -4.9352388 2.6773913 -0.0396436 0.5129933 0.7756433 0.3655732
1341840101.286158 -1.8921338 -4.9933596 2.6666174 -0.0216850 0.5204843 0.7713158 0.3656472
1341840101.318064 -1.9139594 -5.0130472 2.6753898 -0.0114307 0.5301740 0.7604373 0.3748600
1341840101.454068 -1.8959805 -5.0617085 2.6761420 0.0028811 0.5501614 0.7422002 0.3826917
1341840102.122063 -1.7348998 -5.1771488 2.8209436 -0.0056868 0.5503964 0.7686893 0.3258038
1341840102.758299 -1.4862095 -5.2708864 2.9067988 -0.0141569 0.5366241 0.8035877 0.2570623
1341840103.437062 -1.2858145 -5.3679199 2.9716213 -0.0345400 0.5242325 0.8218390 0.2203813
1341840104.105028 -0.9979042 -5.6080070 3.1143141 -0.0265154 0.5216975 0.8355292 0.1703513
1341840104.137083 -0.9834039 -5.6144390 3.1097686 -0.0259985 0.5177108 0.8387571 0.1666915
1341840104.472949 -0.8433006 -5.7105160 3.1760697 -0.0151210 0.5082291 0.8507332 0.1331452
1341840105.145078 -0.5729244 -5.8137770 3.1864514 -0.0354823 0.5272931 0.8406361 0.1184649
1341840105.817039 -0.3494846 -5.8929119 3.2379868 -0.0331610 0.5290464 0.8459648 0.0579110
1341840106.210613 -0.1677261 -5.9527512 3.2527399 -0.0307809 0.5357167 0.8432164 0.0323450
1341840106.414296 -0.0694599 -6.0084782 3.2610803 -0.0284126 0.5373037 0.8423835 0.0297898
1341840107.082017 0.2169131 -6.0929070 3.3258977 -0.0258317 0.5395361 0.8406411 -0.0394467
1341840107.754206 0.4331125 -6.0648756 3.3329897 -0.0322664 0.5367127 0.8387918 -0.0855954
1341840108.457962 0.6595448 -6.1174240 3.3303480 -0.0398572 0.5419948 0.8332311 -0.1018775
1341840108.858063 0.7724293 -6.1068058 3.4323888 -0.0412487 0.5481104 0.8265656 -0.1210908
1341840108.894068 0.7746817 -6.1019325 3.4221532 -0.0376212 0.5385382 0.8318489 -0.1287970
1341840109.226207 0.9242738 -6.0428381 3.4560504 -0.0514288 0.5218641 0.8405783 -0.1357979
1341840109.294245 0.9629619 -6.0544138 3.4687290 -0.0467832 0.5252743 0.8379582 -0.1404434
1341840109.361934 1.0080824 -6.0565042 3.4363213 -0.0431247 0.5217771 0.8400021 -0.1424265
1341840110.033947 1.3528206 -6.0891881 3.4182167 -0.0498691 0.5317334 0.8344356 -0.1359774
1341840110.234162 1.4183433 -6.0439281 3.3654065 -0.0593363 0.5291408 0.8339288 -0.1450930
1341840110.366041 1.4391525 -6.0325089 3.3707175 -0.0588017 0.5441349 0.8236276 -0.1486512
1341840110.470485 1.4767025 -6.0230112 3.2944136 -0.0613956 0.5414290 0.8234452 -0.1581874
1341840110.502611 1.5028074 -6.0129600 3.3391428 -0.0601344 0.5637834 0.8091639 -0.1542266
1341840111.170017 1.7031076 -6.0160918 3.3662369 -0.0506342 0.5987108 0.7818108 -0.1665939
1341840111.842092 1.9963498 -6.0702858 3.4261112 -0.0704345 0.5799972 0.7949711 -0.1632889
1341840112.513947 2.3941097 -6.1278458 3.4270442 -0.0640085 0.5684826 0.8019565 -0.1720354
1341840112.614023 2.4442685 -6.1316156 3.4441631 -0.0655458 0.5680796 0.8032753 -0.1665472
1341840113.149964 2.6652889 -6.0823383 3.5249662 -0.0623745 0.5438592 0.8175896 -0.1785323
1341840113.182423 2.6845505 -6.0738726 3.5216236 -0.0617717 0.5397347 0.8197545 -0.1813097
1341840113.282031 2.7307301 -6.0738802 3.5322475 -0.0562420 0.5356326 0.8202382 -0.1927276
1341840113.318091 2.7540452 -6.0580993 3.5167792 -0.0557272 0.5292542 0.8226728 -0.1999847
1341840113.954013 3.0779059 -6.0065970 3.4626892 -0.0574912 0.5175395 0.8222111 -0.2298185
1341840114.254034 3.2109797 -5.9927654 3.4730961 -0.0620857 0.5118833 0.8214979 -0.2434382
1341840114.858111 3.5383873 -5.9768543 3.4240615 -0.0575458 0.5062940 0.8039623 -0.3065934
1341840114.994015 3.5879855 -5.9696016 3.3917339 -0.0629957 0.5037166 0.8006058 -0.3183260
1341840115.662297 3.8523309 -5.8551674 3.3750656 -0.0779093 0.4897944 0.7850061 -0.3712102
1341840116.334029 4.1507902 -5.6613245 3.3053286 -0.0754284 0.4588350 0.7687628 -0.4390725
1341840117.002191 4.3868728 -5.5444493 3.1831164 -0.0871410 0.4658741 0.7402964 -0.4767903
1341840117.674073 4.6939440 -5.3761697 3.0155056 0.0979653 -0.4682446 -0.6975937 0.5333975
1341840118.177996 4.7797565 -5.1884589 2.9553025 0.0979744 -0.4525806 -0.6778453 0.5710495
1341840118.745958 4.7835703 -4.9055233 2.7926631 0.0868497 -0.4264300 -0.6435173 0.6296826
1341840119.150161 4.8473048 -4.7658377 2.7258799 0.0797329 -0.4349831 -0.6385810 0.6297988
1341840119.618119 4.8942804 -4.5747695 2.6448596 0.0900128 -0.4199295 -0.6263030 0.6506162
1341840120.285957 4.9490786 -4.2649345 2.5140996 0.0853819 -0.3977454 -0.6001810 0.6886882
1341840120.390099 4.9563255 -4.2383718 2.5155861 0.0861319 -0.3983654 -0.5929185 0.6945027
1341840121.058185 4.8899236 -4.0209923 2.5033541 0.0947750 -0.3757803 -0.5855526 0.7119937
1341840121.730237 4.6771727 -3.8294818 2.2716789 0.0890100 -0.3719853 -0.5577254 0.7366455
1341840122.398010 4.6982379 -3.5161693 2.1651826 0.1016845 -0.3512454 -0.5567818 0.7458425
1341840123.070067 4.7271776 -3.2608891 1.9880018 0.1041670 -0.3463642 -0.5343993 0.7639362
1341840123.306046 4.6761703 -3.1592352 1.9275919 0.0987920 -0.3461894 -0.5323322 0.7661693
1341840123.338004 4.6697493 -3.1300082 1.9234613 0.0990437 -0.3519516 -0.5292308 0.7656600
1341840124.010110 4.4723649 -2.8037283 1.8526417 0.1005020 -0.3378617 -0.5455431 0.7603496
1341840124.510263 4.3375764 -2.6316884 1.7281473 0.0931297 -0.3655797 -0.5309328 0.7588074
1341840124.646060 4.3209596 -2.5839541 1.7015154 0.0802312 -0.3653040 -0.5315816 0.7599585
1341840125.314051 4.2391009 -2.3643949 1.6119696 0.0928743 -0.3515714 -0.5290695 0.7667186
1341840125.818005 4.1555109 -2.0680211 1.4735121 0.0734705 -0.3389406 -0.5107371 0.7866823
1341840125.849992 4.1603436 -2.0689580 1.4736490 0.0710768 -0.3446908 -0.5146116 0.7818640
1341840125.886078 4.1607828 -2.0488741 1.4753475 0.0716714 -0.3462353 -0.5175655 0.7791728
1341840126.286071 4.0442743 -1.9049985 1.4855229 0.0630198 -0.3529938 -0.5191104 0.7758532
1341840126.386310 3.9885454 -1.8628478 1.4754304 0.0641707 -0.3447342 -0.5167546 0.7810283
1341840126.654071 3.8465672 -1.7375870 1.4423941 0.0502678 -0.3234401 -0.5050246 0.7986300
1341840126.690108 3.8266377 -1.7260016 1.4401422 0.0488351 -0.3262367 -0.5051569 0.7974969
1341840127.358234 3.6138055 -1.5792935 1.3575643 0.0438279 -0.3197927 -0.4945494 0.8069898
1341840128.030080 3.4966083 -1.4389281 1.2651849 0.0422039 -0.2946580 -0.4729263 0.8292986
1341840128.702088 3.3943481 -1.1842492 1.1319301 0.0518524 -0.2609039 -0.4351718 0.8601546
1341840129.377126 3.2039022 -0.9859295 1.0423166 0.0493687 -0.2454010 -0.4031084 0.8802526
1341840129.477129 3.1695006 -0.9463001 1.0323632 0.0465591 -0.2460315 -0.4041977 0.8797301
1341840129.508931 3.1653705 -0.9263350 1.0312990 0.0434664 -0.2443650 -0.4056358 0.8796909
1341840129.613105 3.1171637 -0.8847685 1.0158309 0.0347168 -0.2381791 -0.3982403 0.8851385
1341840129.677060 3.0709300 -0.8894313 0.9918816 0.0241594 -0.2358669 -0.4000821 0.8852782
1341840129.781126 3.0546627 -0.8616940 0.9874849 0.0243674 -0.2368499 -0.4003598 0.8848844
1341840129.973973 2.9684341 -0.8206767 0.9618913 0.0206981 -0.2256671 -0.3903523 0.8923402
1341840130.006095 2.9668596 -0.8128222 0.9577119 0.0210052 -0.2270071 -0.3929831 0.8908371
1341840130.074782 2.9314256 -0.8006398 0.9467409 0.0188769 -0.2233180 -0.3946262 0.8910908
1341840130.778114 2.7559190 -0.7297091 0.8684520 0.0499910 -0.2033245 -0.3775583 0.9020032
1341840131.450200 2.5727232 -0.6205134 0.8478086 0.0620838 -0.1727607 -0.3579694 0.9155092
1341840131.550027 2.5579870 -0.5878424 0.8400872 0.0705727 -0.1694147 -0.3599199 0.9147545
1341840132.050105 2.3862858 -0.4568562 0.7760644 0.0679196 -0.1488846 -0.3469277 0.9235050
1341840132.086201 2.3943183 -0.4471415 0.7804247 0.0664311 -0.1538806 -0.3443297 0.9237666
1341840132.722060 2.1907859 -0.3410652 0.7597993 0.0748849 -0.1467330 -0.3181756 0.9336091
1341840132.890074 2.1122286 -0.3294134 0.7502409 0.0746458 -0.1513260 -0.3289360 0.9291553
1341840133.558093 1.8200423 -0.1713143 0.7053049 0.0582428 -0.1306619 -0.3369097 0.9306058
1341840134.198214 1.6975876 -0.0853152 0.6713123 0.0472632 -0.1263087 -0.3166369 0.9389107
1341840134.230132 1.6693344 -0.0685640 0.6687003 0.0461975 -0.1203270 -0.3147219 0.9403921
1341840134.398392 1.6171087 -0.0220507 0.6483282 0.0364747 -0.1146936 -0.3110623 0.9427381
1341840135.069989 1.3779563 0.1644895 0.5461456 0.0429894 -0.0826828 -0.3020594 0.9487231
1341840135.370144 1.2699784 0.2245785 0.5193304 0.0425054 -0.0675493 -0.2695762 0.9596661
1341840135.402042 1.2621325 0.2265104 0.5152791 0.0407738 -0.0672790 -0.2680185 0.9601964
1341840136.074071 1.0198405 0.3182970 0.5217619 0.0501831 -0.0397107 -0.2219408 0.9729578
1341840136.742055 0.7626075 0.3027329 0.5033628 0.0280889 -0.0022225 -0.1643932 0.9859924
1341840137.421483 0.5428392 0.3010780 0.4660143 0.0283961 -0.0158030 -0.1197053 0.9922774
1341840137.759587 0.4004292 0.3333136 0.4471338 0.0074481 -0.0080795 -0.0925309 0.9956492
1341840137.861516 0.3563596 0.3337928 0.4419014 0.0058216 -0.0071897 -0.0847879 0.9963561
1341840138.493018 0.1363707 0.3362649 0.3882812 0.0078666 0.0012333 -0.0243089 0.9996728
1341840139.160945 -0.0857907 0.2462132 0.4329999 -0.0081511 0.0117719 -0.0079735 0.9998657
1341840139.297244 -0.1172020 0.2469698 0.4321387 -0.0018690 0.0097357 -0.0067108 0.9999284
1341840139.994508 -0.2712906 0.1839021 0.4718880 -0.0111423 0.0314320 -0.0051118 0.9994307
