1341840084.762054 -0.0000000 -0.0000000 -0.0000000 0.0000000 0.0000000 0.0000000 1.0000000
1341840085.266025 -0.0362602 0.0016680 0.0037714 0.0028346 0.0172128 0.0133426 0.9997588
1341840085.940930 -0.2885861 0.0459146 -0.0204135 0.0091155 0.0487577 0.0676965 0.9964722
1341840086.612988 -0.5582782 0.0071468 -0.0096922 0.0021226 0.0593158 0.0824578 0.9948255
1341840087.274056 -0.8251240 -0.0826085 0.0247142 -0.0003002 0.0800940 0.1205942 0.9894655
1341840087.946068 -1.0399146 -0.1325783 0.0715857 -0.0119042 0.0962604 0.1503148 0.9838687
1341840088.281993 -1.1699077 -0.1808680 0.0826549 0.0132093 0.1114063 0.1996803 0.9734176
1341840088.550086 -1.2230853 -0.2766092 0.0567353 0.0279651 0.1270408 0.2179341 0.9672555
1341840089.193015 -1.4630444 -0.3431508 0.1237675 0.0460013 0.1722770 0.2416401 0.9538420
1341840089.861003 -1.6966063 -0.5479276 0.2335713 0.0522311 0.1911821 0.2738374 0.9411346
1341840090.562011 -1.8721869 -0.7129570 0.3146188 0.0497820 0.2177551 0.3209994 0.9203607
1341840091.230330 -2.1354914 -0.9048053 0.4354546 0.0386238 0.2389999 0.3669417 0.8981876
1341840091.530216 -2.2593100 -1.0025799 0.4910083 0.0415651 0.2393399 0.3802010 0.8924326
1341840092.202031 -2.3747420 -1.1780946 0.5974468 0.0300262 0.2626621 0.4228711 0.8667682
1341840092.774020 -2.4840057 -1.3493161 0.6790727 0.0331840 0.2891070 0.4833238 0.8256598
1341840093.442035 -2.5366204 -1.5851117 0.8266908 0.0264641 0.3191324 0.5117871 0.7972002
1341840094.014200 -2.5946643 -1.8167552 0.9607453 0.0287997 0.3395826 0.5743709 0.7442797
1341840094.682271 -2.6389446 -2.0369363 1.0964408 0.0082587 0.3649621 0.5964936 0.7147936
1341840095.354079 -2.6364453 -2.3204117 1.2493170 -0.0033584 0.3758036 0.6449202 0.6654610
1341840096.022067 -2.6331911 -2.5549936 1.3545370 0.0035632 0.4086630 0.6778913 0.6111017
1341840096.694102 -2.6460006 -2.8741279 1.4892907 0.0011127 0.4269119 0.7075651 0.5631133
1341840097.298060 -2.5821514 -3.0509992 1.6296571 -0.0107614 0.4478006 0.7334277 0.5113146
1341840097.330044 -2.5656676 -3.0740862 1.6370862 -0.0123840 0.4469332 0.7395045 0.5032200
1341840098.002067 -2.4739933 -3.3339417 1.7539953 -0.0166138 0.4596595 0.7510410 0.4736819
1341840098.669979 -2.4532514 -3.6466999 1.9448423 -0.0243493 0.4688139 0.7608114 0.4480923
1341840098.905941 -2.4202790 -3.7732718 2.0199003 -0.0216344 0.4648666 0.7668110 0.4420767
1341840099.038009 -2.4042492 -3.8279207 2.0526576 -0.0231851 0.4589971 0.7671266 0.4475498
1341840099.710201 -2.2506652 -4.0140328 2.1891131 -0.0392864 0.4589679 0.7764462 0.4300423
1341840100.077944 -2.1441774 -4.1364141 2.2592764 -0.0371476 0.4566860 0.8027603 0.3816200
1341840100.110081 -2.1087573 -4.1530218 2.2553806 -0.0410794 0.4546741 0.8055274 0.3777691
1341840100.782007 -1.9797268 -4.3318367 2.3461800 -0.0357266 0.4755901 0.8024274 0.3586754
1341840101.286158 -1.7451668 -4.5457039 2.4338350 -0.0227242 0.5209300 0.7709977 0.3656201
1341840101.318064 -1.7889684 -4.5602059 2.4322350 -0.0069111 0.5306429 0.7587740 0.3776669
1341840101.386236 -1.7667148 -4.5912437 2.4501743 -0.0035864 0.5407590 0.7487780 0.3832732
1341840102.054164 -1.6532168 -4.7009172 2.5593166 0.0018453 0.5495719 0.7674590 0.3301122
1341840102.725995 -1.4301113 -4.7888732 2.6453633 -0.0074339 0.5397074 0.7993931 0.2638774
1341840103.401053 -1.2308924 -4.8680668 2.7071984 -0.0324372 0.5249718 0.8205184 0.2238346
1341840103.973092 -1.0243192 -5.0349569 2.7950191 -0.0255074 0.5229198 0.8330947 0.1784864
1341840104.036982 -0.9979130 -5.0512199 2.8011279 -0.0231747 0.5207648 0.8351833 0.1753161
1341840104.709087 -0.7643524 -5.1889677 2.8784099 -0.0145599 0.5081524 0.8512302 0.1302932
1341840105.381032 -0.4951116 -5.2825003 2.8996763 -0.0251011 0.5301062 0.8438248 0.0794804
1341840106.049368 -0.3276809 -5.3481030 2.9228024 -0.0293324 0.5274142 0.8477703 0.0475319
1341840106.746220 -0.0294493 -5.4858475 2.9777727 -0.0141124 0.5362307 0.8439373 -0.0052131
1341840107.417975 0.1716021 -5.4980149 3.0158911 -0.0264688 0.5408179 0.8392190 -0.0502672
1341840108.090178 0.3918843 -5.4826384 2.9913666 -0.0033357 0.5453741 0.8297205 -0.1188270
1341840108.794146 0.5504359 -5.5200291 3.0577064 -0.0354328 0.5386283 0.8340294 -0.1141010
1341840109.469199 0.8241368 -5.4867930 3.1018066 -0.0417315 0.5238572 0.8416113 -0.1245891
1341840110.134023 1.0957294 -5.4940596 3.0775056 -0.0394168 0.5341926 0.8321164 -0.1437595
1341840110.470485 1.1789002 -5.4201326 2.9669466 -0.0550677 0.5365734 0.8274717 -0.1560356
1341840110.970039 1.3299531 -5.4418521 3.0216877 -0.0494036 0.6014856 0.7824283 -0.1535586
1341840111.642037 1.5332943 -5.4470687 3.0574150 -0.0543206 0.5808240 0.7957422 -0.1627490
1341840112.277978 1.8507360 -5.5248294 3.0644178 -0.0548699 0.5670084 0.8041730 -0.1696955
1341840112.410156 1.9123600 -5.5235062 3.0572343 -0.0556159 0.5643578 0.8057509 -0.1708000
1341840112.513947 1.9538593 -5.5454502 3.0698957 -0.0528431 0.5666111 0.8046033 -0.1696260
1341840113.182423 2.2076776 -5.5024700 3.1329482 -0.0512961 0.5353559 0.8240898 -0.1778729
1341840113.318091 2.2668440 -5.4900980 3.1296635 -0.0451823 0.5248537 0.8269399 -0.1966153
1341840113.986274 2.5621719 -5.4517365 3.0960321 -0.0499198 0.5155908 0.8251541 -0.2253771
1341840114.422302 2.7435052 -5.4218674 3.0854073 -0.0561228 0.5031282 0.8237426 -0.2552653
1341840114.758034 2.9105942 -5.4121428 3.0560009 -0.0543787 0.5010946 0.8101004 -0.2994739
1341840115.430115 3.1628716 -5.3543034 3.0296545 -0.0727929 0.4930533 0.7926157 -0.3512265
1341840116.066094 3.3605838 -5.2081542 2.9843216 -0.0644804 0.4730116 0.7774783 -0.4094262
1341840116.134127 3.3844314 -5.1993623 2.9915090 -0.0662483 0.4692826 0.7764562 -0.4153321
1341840116.801991 3.5982585 -5.0878553 2.8860495 -0.0697575 0.4671081 0.7598843 -0.4466764
1341840117.474143 3.8672600 -4.9486456 2.7396975 0.0921514 -0.4611905 -0.7178306 0.5133525
1341840118.141981 3.9994626 -4.7618566 2.6638401 0.0883918 -0.4529930 -0.6829122 0.5662288
1341840118.714097 4.0111923 -4.5265245 2.5445602 0.0780853 -0.4233305 -0.6492042 0.6270789
1341840119.382084 4.0790262 -4.3324089 2.4251873 0.0758591 -0.4337131 -0.6399712 0.6297421
1341840120.054119 4.1319027 -4.0732322 2.3246517 0.0836954 -0.3958185 -0.6110088 0.6804345
1341840120.721967 4.1433511 -3.9064093 2.2676108 0.0786066 -0.3945785 -0.5932544 0.6972646
1341840121.394009 4.0031662 -3.6864533 2.1714156 0.0750041 -0.3626504 -0.5765983 0.7282811
1341840122.066171 3.9408169 -3.5391445 2.0470700 0.0781464 -0.3622806 -0.5676873 0.7351034
1341840122.734093 3.9803374 -3.2640905 1.8719490 0.0905910 -0.3534448 -0.5498509 0.7513548
1341840123.405986 3.9321940 -3.0298991 1.7446126 0.0821410 -0.3567010 -0.5420323 0.7564511
1341840124.074278 3.7621026 -2.7338104 1.6584195 0.0862205 -0.3329205 -0.5526987 0.7591140
1341840124.109993 3.7427447 -2.7033491 1.6452049 0.0856655 -0.3320735 -0.5475602 0.7632604
1341840124.242266 3.6988258 -2.6723526 1.6101891 0.0869038 -0.3455439 -0.5476526 0.7570494
1341840124.814087 3.6296875 -2.4952195 1.5230802 0.0680741 -0.3632458 -0.5483321 0.7501669
1341840124.846010 3.6187572 -2.4779558 1.5098674 0.0667644 -0.3617718 -0.5509058 0.7491105
1341840125.518104 3.5655303 -2.2728255 1.4207419 0.0772455 -0.3324620 -0.5324221 0.7746153
1341840125.818005 3.5103543 -2.1060200 1.3484521 0.0600643 -0.3349493 -0.5204093 0.7831829
1341840125.849992 3.5112994 -2.1000867 1.3408090 0.0578623 -0.3388709 -0.5249174 0.7786400
1341840125.886078 3.5167468 -2.0899997 1.3431679 0.0577621 -0.3417778 -0.5278722 0.7753724
1341840126.522184 3.3232467 -1.8797117 1.3397998 0.0458654 -0.3334118 -0.5245386 0.7820436
1341840126.554439 3.3176966 -1.8772174 1.3444062 0.0432737 -0.3351130 -0.5233393 0.7822676
1341840127.226060 3.0741878 -1.6978253 1.2563779 0.0283794 -0.3148987 -0.5059215 0.8025440
1341840127.894060 2.9779739 -1.5736668 1.1940819 0.0284588 -0.2990166 -0.4934936 0.8162372
1341840128.565980 2.9000518 -1.3605403 1.0885044 0.0456658 -0.2642027 -0.4606826 0.8460988
1341840129.240931 2.7590256 -1.1919245 1.0008705 0.0423942 -0.2443726 -0.4147162 0.8754971
1341840129.508931 2.6968589 -1.0862144 0.9865657 0.0384782 -0.2421539 -0.4153547 0.8759916
1341840129.613105 2.6581740 -1.0487264 0.9756658 0.0304100 -0.2363107 -0.4081843 0.8812594
1341840130.309975 2.4415865 -0.9422916 0.8777384 0.0181969 -0.2105189 -0.3998917 0.8918729
1341840131.014063 2.2871015 -0.8537901 0.8401092 0.0536828 -0.1912855 -0.3776539 0.9043813
1341840131.682093 2.1304159 -0.7675858 0.7987335 0.0603013 -0.1582269 -0.3640586 0.9158544
1341840132.050105 2.0261168 -0.6755014 0.7577833 0.0603015 -0.1448043 -0.3591187 0.9200159
1341840132.086201 2.0270746 -0.6615762 0.7556572 0.0591779 -0.1473641 -0.3563811 0.9207466
1341840132.722060 1.8550932 -0.5690010 0.7444715 0.0675105 -0.1417468 -0.3292780 0.9310887
1341840132.754009 1.8090966 -0.5791502 0.7300668 0.0607893 -0.1361544 -0.3360467 0.9299673
1341840132.922331 1.7627081 -0.5473695 0.7319521 0.0648438 -0.1419998 -0.3348702 0.9292434
1341840133.089991 1.7153693 -0.5160829 0.7294818 0.0683245 -0.1379310 -0.3371538 0.9287810
1341840133.226039 1.6637074 -0.4921091 0.7214324 0.0602911 -0.1318803 -0.3436232 0.9278446
1341840133.494056 1.5801917 -0.4233809 0.7073385 0.0544136 -0.1294016 -0.3473102 0.9271839
1341840133.725972 1.5006192 -0.4020741 0.6824946 0.0464886 -0.1310611 -0.3387332 0.9305491
1341840134.030081 1.4328008 -0.3631456 0.6734936 0.0420466 -0.1203038 -0.3279757 0.9360508
1341840134.297987 1.3900303 -0.3124357 0.6598468 0.0342578 -0.1117544 -0.3278163 0.9374827
1341840134.330137 1.3848552 -0.2946763 0.6608584 0.0347386 -0.1086458 -0.3262653 0.9383711
1341840134.366116 1.3631766 -0.2801888 0.6542488 0.0319017 -0.1053915 -0.3221808 0.9402523
1341840135.034464 1.1749418 -0.1176168 0.5663354 0.0375848 -0.0817495 -0.3133630 0.9453613
1341840135.606052 0.9901082 -0.0088565 0.5378538 0.0394300 -0.0489681 -0.2633458 0.9626507
1341840135.638227 0.9749585 -0.0327388 0.5233834 0.0316199 -0.0488220 -0.2652125 0.9624339
1341840136.310044 0.7557992 0.0149687 0.5110729 0.0317862 -0.0267728 -0.2069683 0.9774646
1341840136.342103 0.7517634 0.0208553 0.5150327 0.0318988 -0.0249438 -0.2019652 0.9785552
1341840136.374144 0.7388155 0.0211544 0.5183408 0.0301500 -0.0200334 -0.1987474 0.9793820
1341840137.046197 0.5120648 0.0257661 0.5264865 0.0223531 0.0068913 -0.1521805 0.9880759
1341840137.721926 0.3044721 0.0669138 0.4885456 0.0087294 0.0030885 -0.1064126 0.9942789
1341840138.392961 0.0570536 0.0490464 0.4472612 0.0045592 0.0212424 -0.0382711 0.9990312
1341840139.061014 -0.1266082 -0.0114921 0.4659943 -0.0107496 0.0253677 -0.0168764 0.9994779
1341840139.762004 -0.2793228 -0.0755632 0.5059185 -0.0172002 0.0379736 -0.0155565 0.9990096
