1305031102.175304 -0.0000000 -0.0000000 -0.0000000 0.0000000 0.0000000 0.0000000 1.0000000
1305031102.275326 -0.0073240 0.0175016 0.0574516 -0.0126410 -0.0083184 -0.0008830 0.9998851
1305031102.943229 -0.0356217 0.0759260 0.4580999 -0.0455270 -0.0010116 -0.0081652 0.9989292
1305031103.611223 -0.0421448 0.0756280 0.5469646 -0.0727802 -0.0475291 0.0091794 0.9961725
1305031104.275546 0.0086695 -0.0506960 0.1144436 -0.0250711 -0.0396704 -0.0152250 0.9987822
1305031104.743280 0.0325635 -0.0886790 -0.1193825 0.0533592 0.0053484 -0.0031682 0.9985561
1305031105.411286 -0.0237994 -0.0114127 0.0981896 -0.0051725 -0.0146888 -0.0076211 0.9998497
1305031106.075330 -0.0157637 0.0629152 0.5477271 -0.0475637 0.0090828 0.0143844 0.9987233
1305031106.743341 -0.0427499 0.0439625 0.5082021 -0.0858831 -0.0220171 0.0003955 0.9960618
1305031107.411271 0.0094321 -0.0681891 0.0267872 0.0011911 -0.0068966 -0.0273214 0.9996022
1305031108.075352 0.1298219 -0.0395298 0.0646915 0.0064742 0.0345998 -0.0173447 0.9992298
1305031108.743502 0.5296679 0.0132371 0.1595702 -0.0159164 0.0832901 0.0287375 0.9959837
1305031109.411329 0.2866462 0.0045274 0.1051876 -0.0316878 0.0201362 0.0380321 0.9985710
1305031110.043299 -0.1367608 0.0352576 0.1145349 -0.0661076 -0.0215862 -0.0120894 0.9975057
1305031110.543408 -0.4322538 0.0545331 0.1346107 -0.0822954 -0.0872926 -0.0519305 0.9914185
1305031111.211433 -0.3816538 0.0470061 0.1364334 -0.0972461 -0.0906631 -0.0607570 0.9892583
1305031111.743386 0.0019113 0.0223488 0.1613394 -0.0610897 -0.0387116 -0.0207847 0.9971647
1305031112.079339 0.2281651 0.0232479 0.1646236 -0.0392522 0.0319179 0.0091694 0.9986773
1305031112.743245 0.5655127 0.0458960 0.1711587 -0.0005710 0.0832349 0.0482440 0.9953613
1305031113.411625 0.2074547 -0.0119784 0.1426228 -0.0355618 0.0093202 0.0376250 0.9986154
1305031114.079285 -0.3029846 0.0091326 0.1567287 -0.0245574 -0.0121615 -0.0375435 0.9989192
1305031114.679251 -0.5964370 0.0251142 0.1952626 -0.0352964 -0.0878995 -0.0616822 0.9935910
1305031115.343235 -0.2904063 0.0318712 0.2399384 -0.0453319 -0.0625046 -0.0480984 0.9958538
1305031115.711320 0.0246911 0.0305628 0.2719522 -0.0606087 -0.0292166 0.0198334 0.9975368
1305031115.980740 0.2394198 0.0415391 0.2767424 -0.0580239 0.0255264 0.0734364 0.9952832
1305031116.211299 0.3692270 0.0786675 0.3037084 -0.0776040 0.0874183 0.0943205 0.9886553
1305031116.880165 0.1624840 0.0510181 0.2510780 -0.0793849 0.0758459 0.0341485 0.9933677
1305031117.079520 -0.0052079 0.0693864 0.2375616 -0.0778608 0.0063788 -0.0075430 0.9969153
1305031117.743184 -0.0862575 -0.0507129 0.2703281 -0.0826679 -0.0551641 -0.0129547 0.9949649
1305031118.411296 -0.1010862 -0.3481975 0.4082175 -0.0515492 -0.0348830 -0.0170107 0.9979161
1305031119.079223 -0.0969050 -0.0885231 0.3005296 -0.0583619 -0.0342801 -0.0334177 0.9971470
1305031119.747193 -0.1018480 0.2508877 0.1707253 -0.0776931 -0.0357502 -0.0141582 0.9962355
1305031120.415445 -0.0994049 0.2508836 0.1709533 -0.0897517 -0.0294383 -0.0024917 0.9955259
1305031121.083099 -0.0985428 -0.0462403 0.2993637 -0.0348638 -0.0544291 -0.0044013 0.9978991
1305031121.747145 -0.1076778 -0.3366432 0.3857637 -0.0162665 -0.0431138 -0.0047025 0.9989267
1305031122.414997 -0.1207123 -0.1332669 0.3147624 -0.0450854 -0.0513859 -0.0318715 0.9971514
1305031123.082975 -0.1178489 0.1899565 0.1882512 -0.0722168 -0.0597965 -0.0177776 0.9954361
1305031123.579583 -0.0975430 0.4174928 0.1615441 -0.1252909 -0.0231576 0.0060512 0.9918313
1305031124.249327 -0.0886622 0.3533514 0.1835636 -0.1132938 -0.0354697 0.0134037 0.9928377
1305031124.711251 -0.0873014 0.1039393 0.2443716 -0.0503527 -0.0664565 -0.0072012 0.9964920
1305031125.379401 -0.0939269 -0.2291684 0.3977793 -0.0251371 -0.0630601 -0.0143926 0.9975893
1305031126.047324 -0.0976097 -0.1040664 0.3268718 -0.0256563 -0.0678874 -0.0156460 0.9972403
1305031126.647376 -0.0762997 0.2210254 0.2650565 -0.1013397 -0.0483397 -0.0075495 0.9936481
1305031127.311362 -0.0689254 0.2502402 0.2427418 -0.0996868 -0.0440598 0.0086997 0.9940048
1305031127.979371 -0.0802268 0.2086290 0.2751179 -0.0922353 -0.0581676 0.0038118 0.9940295
1305031128.647352 -0.0820836 0.1790842 0.2909606 -0.0919784 -0.0590700 0.0020221 0.9940054
