1305031102.175304 -0.0000000 -0.0000000 -0.0000000 0.0000000 0.0000000 0.0000000 1.0000000
1305031102.675285 -0.0163634 0.0500745 0.3205115 -0.0395375 -0.0172984 -0.0010607 0.9990678
1305031103.343223 -0.0376748 0.1391434 0.6543384 -0.0730567 -0.0396048 0.0117583 0.9964718
1305031103.943211 -0.0226271 0.0175239 0.3615200 -0.0632431 -0.0652121 -0.0042573 0.9958562
1305031104.611336 0.0307303 -0.0809314 -0.0312733 0.0027768 -0.0265691 -0.0057145 0.9996268
1305031104.811465 0.0457335 -0.0769265 -0.1418654 0.0762321 0.0169485 0.0042952 0.9969368
1305031104.875350 0.0371479 -0.0688642 -0.1674942 0.0888859 0.0278460 0.0098923 0.9956034
1305031105.311290 -0.0140923 -0.0188859 0.0368054 0.0108435 0.0008747 -0.0054043 0.9999262
1305031105.975329 -0.0112463 0.0459745 0.5176187 -0.0339678 0.0012842 0.0085398 0.9993856
1305031106.643207 -0.0330440 0.0676347 0.6062680 -0.0846925 -0.0097721 0.0012602 0.9963585
1305031107.311226 -0.0042360 -0.0561051 0.0968605 -0.0241257 -0.0200872 -0.0246431 0.9992033
1305031107.975807 0.0724728 -0.0247606 0.0761682 0.0023459 0.0147425 -0.0220776 0.9996448
1305031108.311332 0.2583364 -0.0021814 0.1411433 0.0058295 0.0544676 -0.0108508 0.9984396
1305031108.475471 0.3601169 0.0054359 0.1779469 -0.0164849 0.0424392 0.0158114 0.9988379
1305031108.511378 0.3935276 0.0053476 0.1860252 -0.0155890 0.0429990 0.0209963 0.9987328
1305031108.543737 0.4152490 0.0012055 0.1932088 -0.0119548 0.0497088 0.0198235 0.9984955
1305031108.575414 0.4333188 0.0174778 0.1964710 -0.0056381 0.0546551 0.0184733 0.9983184
1305031108.611407 0.4556863 0.0182683 0.2040056 -0.0059570 0.0599760 0.0194596 0.9979923
1305031108.675375 0.4956833 0.0330334 0.2177620 -0.0068245 0.0700093 0.0234367 0.9972476
1305031108.775493 0.5289955 0.0309242 0.2288734 -0.0138369 0.0873711 0.0308228 0.9956027
1305031109.443302 0.2725697 0.0277294 0.1361621 -0.0305492 0.0128772 0.0348944 0.9988410
1305031110.011256 -0.1254493 0.0380321 0.1108491 -0.0621445 -0.0188558 -0.0051571 0.9978757
1305031110.479331 -0.4263622 0.0542962 0.1347301 -0.0779838 -0.0668987 -0.0489835 0.9935008
1305031110.811386 -0.5484877 0.0754255 0.1368386 -0.0891865 -0.1020933 -0.0745151 0.9879627
1305031111.043327 -0.4892806 0.0752765 0.1444582 -0.0920869 -0.1045518 -0.0730922 0.9875457
1305031111.711760 -0.0418472 0.0501537 0.1854209 -0.0580472 -0.0469509 -0.0247152 0.9969029
1305031112.011433 0.1690209 0.0343365 0.1855590 -0.0425252 0.0151334 0.0144468 0.9988763
1305031112.279353 0.3380832 0.0138142 0.2018320 -0.0280413 0.0828978 -0.0151072 0.9960489
1305031112.943321 0.4973240 0.0396673 0.2492961 -0.0218308 0.0759614 0.0512442 0.9955538
1305031113.479311 0.1438345 0.0102929 0.1524356 -0.0324864 -0.0015903 0.0282751 0.9990709
1305031114.143284 -0.3609455 0.0106439 0.1603752 -0.0227146 -0.0214750 -0.0446234 0.9985147
1305031114.811303 -0.6271620 0.0186104 0.1906977 -0.0337243 -0.0939753 -0.0709621 0.9924695
1305031115.479241 -0.1996603 0.0549159 0.2825290 -0.0579392 -0.0667944 -0.0305202 0.9956154
1305031115.779425 0.0907464 0.0401224 0.2976104 -0.0547733 -0.0151532 0.0333258 0.9978275
1305031116.043164 0.2651678 0.0648639 0.3168756 -0.0571475 0.0508709 0.0779697 0.9940156
1305031116.211299 0.3138885 0.0547809 0.3394247 -0.0827787 0.1001289 0.0962151 0.9868457
1305031116.243320 0.3239026 0.0573134 0.3466327 -0.0839365 0.1081155 0.0993342 0.9855955
1305031116.279385 0.3224733 0.0579833 0.3553333 -0.0838931 0.1223256 0.1021438 0.9836488
1305031116.846089 0.2107238 0.0442771 0.2642236 -0.0797632 0.0798586 0.0437158 0.9926476
1305031117.111238 -0.0217301 0.0691217 0.2169748 -0.0794601 -0.0040986 -0.0065400 0.9968082
1305031117.779467 -0.0882022 -0.0596704 0.2876511 -0.0798211 -0.0574525 -0.0107687 0.9950939
1305031118.445692 -0.0902533 -0.3650813 0.4474298 -0.0521873 -0.0384440 -0.0112444 0.9978337
1305031119.111328 -0.0976595 -0.0755143 0.3091644 -0.0581783 -0.0387612 -0.0328778 0.9970115
1305031119.779169 -0.1095524 0.2994778 0.1754237 -0.0725446 -0.0361169 -0.0133944 0.9966210
1305031120.447417 -0.1072677 0.2881036 0.1936798 -0.0696441 -0.0294902 -0.0023825 0.9971331
1305031121.114696 -0.0932336 -0.0592209 0.3242584 -0.0318915 -0.0577193 -0.0024666 0.9978203
1305031121.782835 -0.1067745 -0.3721293 0.4222204 -0.0220802 -0.0438339 -0.0006550 0.9987946
1305031122.451257 -0.1203820 -0.1139322 0.3231339 -0.0454958 -0.0569629 -0.0302838 0.9968793
1305031123.113873 -0.1257094 0.2351145 0.1954006 -0.0677191 -0.0568059 -0.0176407 0.9959297
1305031123.579583 -0.1128915 0.4729399 0.1727073 -0.1105349 -0.0198515 0.0047661 0.9936625
1305031123.811608 -0.1052237 0.5331420 0.1622083 -0.1291113 -0.0080965 0.0135828 0.9915040
1305031124.480099 -0.0938538 0.2625983 0.2271891 -0.0756589 -0.0523550 0.0066766 0.9957359
1305031125.151013 -0.0841292 -0.1436873 0.3833070 -0.0306675 -0.0731647 -0.0045454 0.9968379
1305031125.811573 -0.0994335 -0.2318473 0.4023312 -0.0129060 -0.0455867 -0.0186880 0.9987022
1305031126.479533 -0.0944005 0.1729873 0.2946081 -0.0710768 -0.0488328 -0.0173357 0.9961239
1305031127.147307 -0.0645770 0.2992661 0.2455201 -0.0983085 -0.0398285 0.0131696 0.9942715
1305031127.811829 -0.0765307 0.2376226 0.2846893 -0.0832106 -0.0558078 0.0051124 0.9949549
1305031128.479296 -0.0793123 0.2094270 0.3097800 -0.0875903 -0.0598386 0.0030254 0.9943531
