1305031102.175304 -0.0000000 -0.0000000 -0.0000000 0.0000000 0.0000000 0.0000000 1.0000000
1305031102.375329 -0.0028079 0.0100048 0.0858451 -0.0225207 -0.0154521 0.0020512 0.9996248
1305031103.043227 -0.0256080 0.0607568 0.3655686 -0.0513718 -0.0212935 -0.0020990 0.9984503
1305031103.711610 -0.0188361 0.0358173 0.3513027 -0.0669359 -0.0579374 0.0102452 0.9960210
1305031104.375837 0.0134277 -0.0426061 0.0415560 -0.0167182 -0.0286848 -0.0146437 0.9993414
1305031104.811465 0.0274256 -0.0580410 -0.1062577 0.0770656 0.0185525 0.0011437 0.9968528
1305031105.475280 -0.0178748 -0.0142557 0.1027193 -0.0178078 -0.0226082 -0.0081016 0.9995530
1305031106.143355 -0.0103371 0.0487049 0.4182487 -0.0627611 0.0062908 0.0166759 0.9978694
1305031106.811289 -0.0248303 0.0232205 0.3240717 -0.0860317 -0.0336368 -0.0001120 0.9957244
1305031107.475377 0.0142460 -0.0453398 0.0083383 0.0105629 0.0016064 -0.0254206 0.9996198
1305031108.143334 0.1195040 -0.0262595 0.0566467 0.0112492 0.0432610 -0.0154862 0.9988804
1305031108.811244 0.3863665 0.0147003 0.1214451 -0.0175524 0.0921290 0.0358233 0.9949477
1305031109.475363 0.1728956 0.0100405 0.0779802 -0.0360264 0.0132440 0.0288096 0.9988477
1305031110.143432 -0.1510950 0.0209360 0.0899433 -0.0761493 -0.0253869 -0.0253696 0.9964502
1305031110.811386 -0.3633142 0.0456231 0.1004036 -0.0934639 -0.1114711 -0.0701543 0.9868724
1305031111.479259 -0.1393515 0.0154620 0.1031229 -0.0874642 -0.0933455 -0.0546521 0.9902776
1305031111.879442 0.0474511 0.0208846 0.1123061 -0.0504959 0.0144258 -0.0096612 0.9985733
1305031112.543212 0.3463070 0.0082017 0.1265234 0.0023776 0.0717459 0.0213685 0.9971912
1305031113.211259 0.2501319 0.0055066 0.1074506 -0.0366501 0.0558775 0.0352123 0.9971432
1305031113.879281 -0.1093082 -0.0050269 0.1069568 -0.0436281 -0.0098341 -0.0211963 0.9987745
1305031114.543236 -0.3965983 0.0210927 0.1319354 -0.0237833 -0.0798640 -0.0673891 0.9942408
1305031115.211374 -0.2871195 0.0183504 0.1554195 -0.0571365 -0.0820086 -0.0651503 0.9928572
1305031115.711320 0.0203458 0.0179285 0.1959790 -0.0621764 -0.0298608 0.0199198 0.9974195
1305031116.043164 0.2125267 0.0341152 0.2021138 -0.0641352 0.0443021 0.0800725 0.9937366
1305031116.411333 0.3387235 0.0872050 0.2189986 -0.0630205 0.1092856 0.1154533 0.9852693
1305031116.880165 0.1102556 0.0389212 0.1795254 -0.0788027 0.0776773 0.0344299 0.9932628
1305031117.143218 -0.0319196 0.0604800 0.1686424 -0.0805690 -0.0153969 -0.0073458 0.9966031
1305031117.811320 -0.0569317 -0.0614889 0.2048086 -0.0853809 -0.0618985 -0.0076079 0.9943947
1305031118.479285 -0.0642218 -0.2572066 0.3047486 -0.0514730 -0.0382298 -0.0100914 0.9978914
1305031119.147616 -0.0698104 -0.0415545 0.2002929 -0.0604672 -0.0419333 -0.0310840 0.9968044
1305031119.814537 -0.0741038 0.2052719 0.1207396 -0.0819140 -0.0385563 -0.0079708 0.9958614
1305031120.479432 -0.0754185 0.1625657 0.1333794 -0.0778977 -0.0296819 -0.0023711 0.9965166
1305031121.147331 -0.0663454 -0.0543574 0.2193579 -0.0313404 -0.0583879 -0.0031963 0.9977968
1305031121.811540 -0.0697553 -0.2557729 0.2850888 -0.0199111 -0.0433847 0.0014122 0.9988590
1305031122.483360 -0.0838601 -0.0715843 0.2115862 -0.0510278 -0.0621743 -0.0292444 0.9963309
1305031123.150822 -0.0846403 0.1569931 0.1298406 -0.0786598 -0.0580438 -0.0147035 0.9951017
1305031123.711323 -0.0656315 0.3415939 0.1133837 -0.1349452 -0.0128150 0.0095911 0.9907238
1305031124.382420 -0.0636007 0.2069656 0.1453457 -0.1017273 -0.0497828 0.0122499 0.9934904
1305031125.050763 -0.0573094 -0.0630690 0.2406149 -0.0349115 -0.0732553 -0.0064062 0.9966814
1305031125.711443 -0.0754582 -0.2024701 0.2831093 -0.0217237 -0.0416667 -0.0167084 0.9987556
1305031126.379423 -0.0601074 0.0736530 0.2113084 -0.0662333 -0.0541607 -0.0173039 0.9961829
1305031127.047297 -0.0438122 0.2010264 0.1662435 -0.1065536 -0.0338410 0.0108467 0.9936717
1305031127.711375 -0.0515067 0.1567359 0.1916926 -0.0915587 -0.0557584 0.0070089 0.9942127
1305031128.379404 -0.0513135 0.1343585 0.2108692 -0.0960139 -0.0611854 0.0076805 0.9934680
